0 0.07421875 0.64453125 0.0296875 0.10546875
0 0.13046875 0.878125 0.0265625 0.1390625
0 0.15625 0.459375 0.021875 0.075
0 0.12578125 0.2859375 0.0140625 0.05546875
0 0.140625 0.26640625 0.015625 0.05546875
0 0.18671875 0.3390625 0.0203125 0.078125
0 0.30234375 0.3359375 0.0203125 0.05546875
0 0.3390625 0.28046875 0.015625 0.05546875
0 0.34765625 0.240625 0.0203125 0.05859375
0 0.41875 0.309375 0.01875 0.06953125
0 0.33984375 0.503125 0.0234375 0.078125
0 0.46171875 0.3859375 0.0203125 0.071875
0 0.4734375 0.284375 0.01875 0.06953125
0 0.66328125 0.27890625 0.0109375 0.05859375
0 0.59375 0.375 0.021875 0.071875
0 0.65859375 0.33203125 0.0171875 0.053125
0 0.64609375 0.49296875 0.0171875 0.0859375
0 0.7375 0.38203125 0.01875 0.096875
0 0.93359375 0.4015625 0.0171875 0.0859375