0 0.31875 0.60703125 0.02265625 0.11953125
0 0.34609375 0.77578125 0.028125 0.13515625
0 0.36328125 0.6484375 0.0265625 0.11171875
0 0.32265625 0.53515625 0.01796875 0.06484375
0 0.32890625 0.48125 0.02421875 0.06796875
0 0.4109375 0.40546875 0.02265625 0.128125
0 0.496875 0.37890625 0.03046875 0.09453125
0 0.54140625 0.34609375 0.025 0.096875
0 0.52734375 0.4890625 0.02421875 0.1046875
0 0.49140625 0.58125 0.02265625 0.08203125
0 0.49375 0.6625 0.01953125 0.11015625
0 0.71640625 0.44921875 0.01953125 0.1046875
0 0.815625 0.4671875 0.03046875 0.11015625
0 0.8546875 0.5125 0.01953125 0.11015625
0 0.975 0.3984375 0.028125 0.1015625
0 0.9375 0.56953125 0.0265625 0.1046875
0 0.95 0.68515625 0.03203125 0.13515625