0 0.10625 0.49140625 0.034375 0.1
0 0.26328125 0.35859375 0.0203125 0.078125
0 0.3328125 0.375 0.028125 0.078125
0 0.41796875 0.39140625 0.0234375 0.08359375
0 0.40703125 0.52890625 0.0203125 0.075
0 0.44453125 0.703125 0.0234375 0.10546875
0 0.46640625 0.5140625 0.0234375 0.0890625
0 0.471875 0.603125 0.028125 0.10546875
0 0.49609375 0.375 0.0265625 0.08359375
0 0.6109375 0.29609375 0.015625 0.0640625
0 0.64140625 0.32109375 0.0171875 0.0640625
0 0.6859375 0.353125 0.025 0.078125
0 0.72578125 0.3625 0.0203125 0.0640625
0 0.6265625 0.43203125 0.01875 0.075
0 0.6671875 0.4375 0.025 0.0640625
0 0.753125 0.48359375 0.015625 0.08359375
0 0.79921875 0.421875 0.0203125 0.09453125
0 0.83984375 0.48046875 0.0234375 0.1