0 0.10546875 0.63046875 0.0234375 0.10546875
0 0.25390625 0.43359375 0.0171875 0.06640625
0 0.3234375 0.2984375 0.015625 0.05859375
0 0.35 0.459375 0.021875 0.075
0 0.4546875 0.3859375 0.01875 0.071875
0 0.44140625 0.525 0.0203125 0.0890625
0 0.45546875 0.59609375 0.0171875 0.08046875
0 0.5046875 0.6375 0.028125 0.09140625
0 0.78984375 0.80859375 0.0328125 0.1109375
0 0.8890625 0.696875 0.028125 0.1
0 0.8546875 0.603125 0.034375 0.0890625
0 0.7375 0.56953125 0.025 0.08359375
0 0.7015625 0.5015625 0.025 0.075
0 0.73671875 0.49453125 0.0296875 0.0890625
0 0.50625 0.23203125 0.015625 0.05859375
0 0.55625 0.29453125 0.015625 0.071875
0 0.6515625 0.353125 0.0125 0.06640625
0 0.65859375 0.365625 0.0140625 0.053125
0 0.69375 0.4125 0.021875 0.075