0 0.01875 0.3609375 0.01875 0.06640625
0 0.03203125 0.42890625 0.0140625 0.09140625
0 0.0671875 0.54296875 0.021875 0.08046875
0 0.1171875 0.43046875 0.021875 0.0890625
0 0.16796875 0.30390625 0.0140625 0.0640625
0 0.1828125 0.34140625 0.021875 0.05546875
0 0.18671875 0.4515625 0.0203125 0.08046875
0 0.365625 0.415625 0.021875 0.0640625
0 0.37421875 0.44453125 0.0234375 0.06640625
0 0.421875 0.59609375 0.025 0.09140625
0 0.4640625 0.7625 0.034375 0.1359375
0 0.40234375 0.3640625 0.0203125 0.06640625
0 0.44765625 0.37109375 0.0203125 0.06953125
0 0.52421875 0.33359375 0.0140625 0.06640625
0 0.6296875 0.371875 0.015625 0.0609375
0 0.86796875 0.528125 0.0265625 0.1