0 0.1375 0.36640625 0.025 0.10546875
0 0.140625 0.528125 0.021875 0.1
0 0.2125 0.31640625 0.028125 0.0890625
0 0.20546875 0.415625 0.0265625 0.096875
0 0.28828125 0.3640625 0.0234375 0.08359375
0 0.390625 0.23203125 0.015625 0.0640625
0 0.41484375 0.228125 0.0296875 0.05546875
0 0.3734375 0.3359375 0.021875 0.071875
0 0.4375 0.325 0.021875 0.0890625
0 0.46640625 0.30390625 0.0203125 0.08046875
0 0.49765625 0.2640625 0.0203125 0.06640625
0 0.45234375 0.60390625 0.0234375 0.125
0 0.515625 0.43359375 0.025 0.10546875
0 0.60703125 0.3609375 0.0265625 0.0890625
0 0.765625 0.25703125 0.015625 0.08046875
0 0.7578125 0.3734375 0.03125 0.10859375
0 0.9328125 0.33046875 0.025 0.09453125
0 0.759375 0.65859375 0.034375 0.1390625