0 0.07734375 0.425 0.0171875 0.078125
0 0.15703125 0.52890625 0.0171875 0.096875
0 0.1796875 0.7375 0.025 0.1140625
0 0.2109375 0.62109375 0.025 0.09140625
0 0.246875 0.3390625 0.01875 0.078125
0 0.2703125 0.5125 0.025 0.1140625
0 0.3890625 0.353125 0.01875 0.0890625
0 0.55390625 0.53046875 0.0234375 0.0890625
0 0.6828125 0.509375 0.03125 0.096875
0 0.4765625 0.66953125 0.028125 0.128125
0 0.521875 0.66953125 0.028125 0.128125
0 0.72578125 0.75 0.0359375 0.1
0 0.79453125 0.725 0.0390625 0.128125