0 0.09296875 0.4515625 0.0265625 0.0859375
0 0.18125 0.4609375 0.021875 0.078125
0 0.17109375 0.6984375 0.0609375 0.146875
0 0.22890625 0.3125 0.0234375 0.06953125
0 0.37265625 0.3734375 0.0296875 0.09140625
0 0.48203125 0.2125 0.0296875 0.08046875
0 0.453125 0.375 0.015625 0.06640625
0 0.46328125 0.64140625 0.0453125 0.1109375
0 0.6796875 0.57109375 0.053125 0.096875
0 0.8734375 0.9109375 0.05 0.15
0 0.6046875 0.296875 0.015625 0.071875
0 0.6625 0.24453125 0.021875 0.071875
0 0.671875 0.38359375 0.015625 0.071875
0 0.703125 0.371875 0.015625 0.06640625
0 0.75390625 0.484375 0.0296875 0.075
0 0.8 0.30546875 0.021875 0.09453125
0 0.87109375 0.309375 0.0296875 0.075
0 0.865625 0.35859375 0.015625 0.0609375
0 0.94296875 0.41953125 0.0296875 0.10546875