0 0.06328125 0.5515625 0.0296875 0.08046875
0 0.275 0.3890625 0.01875 0.06640625
0 0.2265625 0.7 0.025 0.078125
0 0.446875 0.65546875 0.015625 0.121875
0 0.52890625 0.47109375 0.0203125 0.08046875
0 0.55703125 0.4265625 0.0171875 0.05859375
0 0.58515625 0.4125 0.0140625 0.0640625
0 0.64765625 0.4265625 0.0109375 0.0640625
0 0.6578125 0.475 0.034375 0.05
0 0.69375 0.44140625 0.015625 0.09453125
0 0.73828125 0.49609375 0.0234375 0.0859375
0 0.57890625 0.4984375 0.0140625 0.08046875
0 0.55234375 0.51640625 0.0234375 0.08359375
0 0.665625 0.60703125 0.0375 0.09140625
0 0.79921875 0.55390625 0.0234375 0.096875
0 0.8515625 0.6140625 0.021875 0.1
0 0.86328125 0.55859375 0.0296875 0.09453125
0 0.93203125 0.62890625 0.0234375 0.10859375
0 0.89296875 0.68359375 0.0296875 0.11640625
0 0.95234375 0.8 0.0359375 0.128125