0 0.15546875 0.4515625 0.03046875 0.1
0 0.09765625 0.60390625 0.02265625 0.128125
0 0.25234375 0.371875 0.01796875 0.08984375
0 0.2265625 0.50859375 0.01796875 0.06796875
0 0.2375 0.56171875 0.01640625 0.1
0 0.2609375 0.5640625 0.02265625 0.09296875
0 0.3234375 0.84140625 0.0390625 0.128125
0 0.39921875 0.8296875 0.040625 0.15703125
0 0.34765625 0.659375 0.02890625 0.125
0 0.3484375 0.5171875 0.03359375 0.11015625
0 0.43125 0.47578125 0.02109375 0.096875
0 0.44296875 0.64453125 0.03046875 0.1046875
0 0.46953125 0.70859375 0.03203125 0.11171875
0 0.490625 0.4734375 0.01796875 0.06796875
0 0.51640625 0.55078125 0.02421875 0.11171875
0 0.6390625 0.540625 0.02265625 0.1015625
0 0.7328125 0.46484375 0.03203125 0.11484375
0 0.79375 0.6359375 0.0390625 0.121875
0 0.92734375 0.76484375 0.040625 0.1296875