0 0.17265625 0.46171875 0.02890625 0.09453125
0 0.18203125 0.740625 0.03203125 0.11953125
0 0.23125 0.5234375 0.03046875 0.1015625
0 0.2328125 0.409375 0.0265625 0.08515625
0 0.31484375 0.34765625 0.025 0.08203125
0 0.31015625 0.4359375 0.02421875 0.0765625
0 0.3171875 0.521875 0.03203125 0.0796875
0 0.2921875 0.690625 0.03046875 0.11953125
0 0.37578125 0.471875 0.02265625 0.1
0 0.509375 0.459375 0.02265625 0.08984375
0 0.54140625 0.46484375 0.0265625 0.08515625
0 0.57109375 0.50625 0.02421875 0.096875
0 0.59765625 0.53828125 0.0265625 0.08203125
0 0.75625 0.4421875 0.03046875 0.1046875
0 0.6890625 0.55234375 0.03515625 0.1046875