0 0.1 0.403125 0.01484375 0.046875
0 0.03828125 0.6296875 0.03203125 0.1
0 0.10234375 0.45234375 0.02109375 0.075
0 0.1265625 0.42578125 0.01796875 0.071875
0 0.22578125 0.36015625 0.01953125 0.08671875
0 0.24296875 0.33515625 0.0140625 0.05703125
0 0.28125 0.47578125 0.02265625 0.08203125
0 0.39140625 0.59453125 0.028125 0.09453125
0 0.42578125 0.4234375 0.025 0.08203125
0 0.48046875 0.43671875 0.01484375 0.08984375
0 0.57421875 0.53515625 0.02265625 0.08515625
0 0.603125 0.3890625 0.01796875 0.075
0 0.6375 0.3859375 0.01953125 0.09296875
0 0.6796875 0.3515625 0.0140625 0.06484375
0 0.89453125 0.34453125 0.01640625 0.08515625
0 0.93125 0.40234375 0.01796875 0.08984375
0 0.94765625 0.4421875 0.03046875 0.08984375
0 0.88671875 0.54140625 0.02890625 0.11171875