0 0.03984375 0.675 0.0203125 0.071875
0 0.134375 0.5109375 0.01875 0.08359375
0 0.1609375 0.459375 0.015625 0.075
0 0.2109375 0.40546875 0.01875 0.06640625
0 0.31640625 0.41640625 0.0203125 0.0609375
0 0.2828125 0.47109375 0.01875 0.053125
0 0.278125 0.5359375 0.015625 0.05546875
0 0.365625 0.553125 0.01875 0.078125
0 0.346875 0.665625 0.01875 0.096875
0 0.4984375 0.7765625 0.025 0.096875
0 0.4875 0.51796875 0.01875 0.06953125
0 0.49140625 0.459375 0.0109375 0.05859375
0 0.49765625 0.4390625 0.0109375 0.05546875
0 0.50390625 0.4125 0.0109375 0.053125
0 0.49765625 0.36796875 0.0109375 0.046875
0 0.6421875 0.48046875 0.0125 0.08359375
0 0.596875 0.54453125 0.021875 0.071875
0 0.78984375 0.46796875 0.0171875 0.0640625
0 0.8875 0.56640625 0.015625 0.08359375
0 0.80234375 0.63359375 0.0171875 0.09453125