0 0.11015625 0.48359375 0.02421875 0.121875
0 0.16171875 0.678125 0.03671875 0.15
0 0.2328125 0.4015625 0.02265625 0.11953125
0 0.246875 0.4359375 0.02421875 0.11171875
0 0.3328125 0.48671875 0.01796875 0.11953125
0 0.35546875 0.42109375 0.02421875 0.13203125
0 0.4171875 0.65546875 0.02890625 0.125
0 0.44609375 0.35703125 0.01953125 0.11015625
0 0.49375 0.44609375 0.025 0.096875
0 0.52109375 0.421875 0.02421875 0.11015625
0 0.59140625 0.44921875 0.01640625 0.08984375
0 0.621875 0.46875 0.02265625 0.08671875
0 0.659375 0.39921875 0.02265625 0.1046875
0 0.7125 0.4125 0.02265625 0.11015625
0 0.7328125 0.54453125 0.02890625 0.1
0 0.80625 0.4015625 0.01796875 0.09453125
0 0.81328125 0.45703125 0.01796875 0.1
0 0.83359375 0.3921875 0.02265625 0.11015625
0 0.9390625 0.45625 0.0265625 0.11796875
0 0.85234375 0.54453125 0.02890625 0.13515625