0 0.20390625 0.5859375 0.02421875 0.09296875
0 0.2140625 0.69375 0.02421875 0.11171875
0 0.26875 0.56953125 0.02265625 0.09453125
0 0.34609375 0.5109375 0.01640625 0.08203125
0 0.3515625 0.50078125 0.0109375 0.1015625
0 0.3625 0.478125 0.0140625 0.08671875
0 0.36015625 0.559375 0.02890625 0.09453125
0 0.32265625 0.6640625 0.040625 0.1015625
0 0.42421875 0.59140625 0.03515625 0.08203125
0 0.446875 0.45859375 0.01953125 0.09296875
0 0.46171875 0.46953125 0.01640625 0.0796875
0 0.51484375 0.5 0.028125 0.08515625
0 0.47890625 0.56796875 0.02421875 0.1
0 0.50625 0.58203125 0.01953125 0.0796875
0 0.60546875 0.5375 0.028125 0.11015625
0 0.83125 0.52109375 0.02265625 0.10703125
0 0.90546875 0.48828125 0.01953125 0.08203125
0 0.88984375 0.57109375 0.02421875 0.09296875
0 0.73046875 0.7015625 0.03671875 0.11796875