0 0.08359375 0.7484375 0.0390625 0.15859375
0 0.2203125 0.5640625 0.040625 0.1390625
0 0.35 0.503125 0.025 0.09453125
0 0.3421875 0.46640625 0.021875 0.0890625
0 0.41015625 0.42109375 0.0296875 0.10859375
0 0.5671875 0.36640625 0.015625 0.0890625
0 0.5828125 0.36640625 0.021875 0.10546875
0 0.61953125 0.35546875 0.0328125 0.09453125
0 0.7171875 0.3375 0.028125 0.103125
0 0.775 0.3875 0.0375 0.10859375
0 0.8859375 0.3984375 0.046875 0.1359375
0 0.48515625 0.49140625 0.0296875 0.09453125
0 0.45703125 0.56796875 0.0328125 0.10859375
0 0.6515625 0.428125 0.021875 0.10546875
0 0.67890625 0.4625 0.0203125 0.08046875
0 0.64140625 0.6515625 0.0453125 0.125
0 0.7515625 0.6890625 0.0375 0.121875