0 0.20390625 0.240625 0.0171875 0.0640625
0 0.284375 0.1875 0.028125 0.08046875
0 0.10234375 0.471875 0.0328125 0.1
0 0.31171875 0.4140625 0.0296875 0.09453125
0 0.23046875 0.65390625 0.0453125 0.146875
0 0.52109375 0.64296875 0.0390625 0.1640625
0 0.63125 0.7984375 0.053125 0.146875
0 0.74765625 0.746875 0.0390625 0.13359375
0 0.78046875 0.578125 0.0453125 0.121875
0 0.7578125 0.44609375 0.053125 0.1359375
0 0.6015625 0.38046875 0.025 0.09453125
0 0.6390625 0.3359375 0.04375 0.09453125
0 0.553125 0.29453125 0.040625 0.09453125
0 0.48984375 0.2390625 0.0359375 0.0890625
0 0.40859375 0.234375 0.0453125 0.11953125