0 0.353125 0.5875 0.025 0.11015625
0 0.37265625 0.78984375 0.025 0.1296875
0 0.3546875 0.515625 0.0265625 0.0765625
0 0.39921875 0.43203125 0.02421875 0.11015625
0 0.45546875 0.39375 0.028125 0.10703125
0 0.51875 0.36171875 0.0265625 0.1
0 0.38359375 0.61953125 0.02890625 0.125
0 0.46328125 0.6484375 0.02890625 0.1015625
0 0.52265625 0.51953125 0.01796875 0.11015625
0 0.55625 0.59921875 0.01953125 0.10703125
0 0.7375 0.46796875 0.01796875 0.1
0 0.76953125 0.48671875 0.02890625 0.11953125
0 0.8703125 0.40703125 0.028125 0.1
0 0.90078125 0.50546875 0.0265625 0.1015625
0 0.83984375 0.50703125 0.0265625 0.11015625
0 0.86875 0.63515625 0.03671875 0.11484375