0 0.109375 0.53203125 0.02265625 0.08984375
0 0.053125 0.88671875 0.02890625 0.13203125
0 0.15546875 0.45078125 0.01953125 0.06171875
0 0.175 0.4890625 0.01953125 0.08984375
0 0.25 0.55078125 0.01953125 0.08671875
0 0.31640625 0.34375 0.0140625 0.06953125
0 0.34453125 0.48046875 0.025 0.08671875
0 0.38359375 0.5484375 0.028125 0.08203125
0 0.43984375 0.6875 0.025 0.11015625
0 0.53671875 0.4671875 0.02421875 0.06953125
0 0.6125 0.4640625 0.02265625 0.075
0 0.5609375 0.66484375 0.01796875 0.09453125
0 0.63515625 0.72734375 0.02890625 0.11953125
0 0.69140625 0.5046875 0.01953125 0.09453125
0 0.728125 0.45234375 0.0140625 0.08984375
0 0.69921875 0.325 0.02109375 0.08671875
0 0.73515625 0.315625 0.0140625 0.06796875
0 0.775 0.33984375 0.02109375 0.1015625
0 0.91328125 0.534375 0.02421875 0.1046875