0 0.17890625 0.8375 0.0484375 0.146875
0 0.25390625 0.69296875 0.0296875 0.11953125
0 0.3 0.53359375 0.0375 0.1109375
0 0.36171875 0.61953125 0.0265625 0.11640625
0 0.36640625 0.35703125 0.0390625 0.09140625
0 0.4671875 0.253125 0.03125 0.08359375
0 0.55703125 0.21953125 0.0328125 0.08359375
0 0.50546875 0.51953125 0.0390625 0.1109375
0 0.58671875 0.415625 0.0203125 0.08046875
0 0.69296875 0.3609375 0.0171875 0.06640625
0 0.71015625 0.3359375 0.0140625 0.0890625
0 0.65 0.796875 0.021875 0.14453125
0 0.928125 0.60859375 0.021875 0.1
0 0.93828125 0.55546875 0.0359375 0.11640625
0 0.915625 0.40703125 0.021875 0.10859375
0 0.88828125 0.26640625 0.0296875 0.09453125