0 0.0359375 0.6734375 0.015625 0.06953125
0 0.1296875 0.50859375 0.015625 0.0609375
0 0.15625 0.4515625 0.015625 0.0640625
0 0.20703125 0.403125 0.0140625 0.05546875
0 0.31796875 0.41953125 0.0234375 0.0609375
0 0.27890625 0.47109375 0.0171875 0.06953125
0 0.2796875 0.534375 0.01875 0.075
0 0.36328125 0.5625 0.0203125 0.06953125
0 0.3484375 0.6609375 0.021875 0.078125
0 0.496875 0.78203125 0.03125 0.11953125
0 0.49140625 0.52109375 0.0265625 0.075
0 0.49609375 0.45390625 0.0140625 0.053125
0 0.49921875 0.4375 0.0171875 0.053125
0 0.5015625 0.40859375 0.01875 0.05546875
0 0.496875 0.3625 0.015625 0.046875
0 0.5953125 0.55 0.015625 0.08359375
0 0.64375 0.484375 0.0125 0.06953125
0 0.7921875 0.465625 0.01875 0.0640625
0 0.89609375 0.5734375 0.0203125 0.103125
0 0.80390625 0.63203125 0.0203125 0.09140625