0 0.0734375 0.3734375 0.028125 0.09140625
0 0.1453125 0.54296875 0.04375 0.125
0 0.13671875 0.74296875 0.0453125 0.125
0 0.315625 0.53203125 0.065625 0.13046875
0 0.26015625 0.32109375 0.0328125 0.0859375
0 0.31953125 0.3 0.0359375 0.071875
0 0.46796875 0.3734375 0.0265625 0.09140625
0 0.49921875 0.353125 0.0296875 0.078125
0 0.65078125 0.540625 0.0390625 0.11953125
0 0.5921875 0.73203125 0.05 0.153125
0 0.81875 0.4875 0.03125 0.10859375
0 0.66953125 0.30390625 0.0328125 0.09140625
0 0.8859375 0.3265625 0.021875 0.0859375
0 0.90859375 0.33046875 0.0203125 0.09453125
0 0.9734375 0.38359375 0.021875 0.09453125