0 0.01171875 0.3890625 0.0140625 0.0609375
0 0.0125 0.44609375 0.01875 0.08046875
0 0.140625 0.57890625 0.028125 0.1359375
0 0.103125 0.6890625 0.03125 0.121875
0 0.2546875 0.29609375 0.0125 0.0640625
0 0.2765625 0.2859375 0.01875 0.0609375
0 0.4125 0.24453125 0.01875 0.06640625
0 0.49453125 0.24609375 0.0140625 0.053125
0 0.4078125 0.346875 0.01875 0.071875
0 0.36015625 0.434375 0.0234375 0.0859375
0 0.4359375 0.428125 0.021875 0.08359375
0 0.57109375 0.353125 0.0265625 0.09453125
0 0.61328125 0.459375 0.0265625 0.09140625
0 0.65078125 0.465625 0.0234375 0.103125
0 0.79609375 0.61640625 0.0296875 0.11640625
0 0.76953125 0.74140625 0.0296875 0.11640625