0 0.16171875 0.44296875 0.0234375 0.10859375
0 0.1609375 0.60546875 0.021875 0.10546875
0 0.29921875 0.5015625 0.0203125 0.1140625
0 0.3046875 0.7890625 0.03125 0.15
0 0.4 0.425 0.025 0.078125
0 0.409375 0.59453125 0.028125 0.1
0 0.47421875 0.30859375 0.0203125 0.078125
0 0.5359375 0.465625 0.021875 0.0859375
0 0.5625 0.46796875 0.01875 0.08046875
0 0.584375 0.51640625 0.021875 0.09453125
0 0.678125 0.39609375 0.01875 0.075
0 0.725 0.39296875 0.025 0.075
0 0.70859375 0.80390625 0.0296875 0.10859375
0 0.89296875 0.275 0.0171875 0.08359375
0 0.9265625 0.32109375 0.025 0.075
0 0.9578125 0.434375 0.015625 0.0859375
0 0.9796875 0.39453125 0.021875 0.0890625