0 0.01953125 0.334375 0.0140625 0.05859375
0 0.03203125 0.371875 0.0171875 0.06640625
0 0.0859375 0.775 0.021875 0.11640625
0 0.0625 0.41796875 0.021875 0.08046875
0 0.04375 0.4984375 0.03125 0.0859375
0 0.0359375 0.6390625 0.028125 0.0890625
0 0.15234375 0.44609375 0.0203125 0.075
0 0.1671875 0.540625 0.021875 0.0859375
0 0.2171875 0.39140625 0.021875 0.071875
0 0.3234375 0.35546875 0.015625 0.0609375
0 0.37421875 0.3140625 0.0171875 0.06640625
0 0.30859375 0.45 0.0265625 0.071875
0 0.4953125 0.603125 0.025 0.09453125
0 0.52734375 0.41796875 0.0171875 0.0640625
0 0.57265625 0.32890625 0.0234375 0.08046875
0 0.65859375 0.40703125 0.0265625 0.08046875
0 0.6453125 0.496875 0.0375 0.09453125
0 0.77421875 0.39140625 0.0234375 0.071875
0 0.89453125 0.52109375 0.0265625 0.10859375
0 0.77578125 0.67109375 0.0265625 0.10859375