0 0.12265625 0.64453125 0.0234375 0.0609375
0 0.1484375 0.540625 0.015625 0.053125
0 0.1828125 0.5515625 0.01875 0.0640625
0 0.30859375 0.475 0.0140625 0.0390625
0 0.2984375 0.6375 0.021875 0.08046875
0 0.45703125 0.534375 0.0171875 0.046875
0 0.52265625 0.40703125 0.0109375 0.046875
0 0.6109375 0.43046875 0.01875 0.05
0 0.5875 0.5765625 0.025 0.06953125
0 0.51953125 0.640625 0.0234375 0.0640625
0 0.63828125 0.521875 0.0203125 0.0609375
0 0.65390625 0.584375 0.0203125 0.053125
0 0.6796875 0.62890625 0.01875 0.046875
0 0.696875 0.56640625 0.01875 0.05546875
0 0.7265625 0.50546875 0.01875 0.05546875
0 0.78515625 0.5609375 0.0234375 0.06640625
0 0.83359375 0.65859375 0.0265625 0.0890625
0 0.7390625 0.6625 0.021875 0.0640625
0 0.928125 0.821875 0.028125 0.0890625
0 0.8234375 0.86953125 0.025 0.0890625