0 0.08828125 0.621875 0.028125 0.11484375
0 0.21953125 0.48984375 0.02421875 0.09453125
0 0.29296875 0.40234375 0.02421875 0.11015625
0 0.46875 0.34296875 0.01953125 0.08203125
0 0.4296875 0.36640625 0.02421875 0.06953125
0 0.4046875 0.50703125 0.01953125 0.08984375
0 0.44765625 0.4625 0.025 0.08984375
0 0.48125 0.56875 0.01640625 0.09296875
0 0.521875 0.521875 0.02265625 0.08984375
0 0.534375 0.33515625 0.01953125 0.071875
0 0.5765625 0.38671875 0.02421875 0.1
0 0.55546875 0.496875 0.02109375 0.0796875
0 0.67890625 0.365625 0.02265625 0.08671875
0 0.6984375 0.3640625 0.0109375 0.075
0 0.70546875 0.403125 0.0140625 0.0765625
0 0.709375 0.478125 0.02265625 0.1015625
0 0.746875 0.3796875 0.02109375 0.11484375
0 0.89296875 0.39375 0.028125 0.08984375
0 0.9015625 0.48203125 0.02265625 0.0796875