0 0.1390625 0.484375 0.0234375 0.096875
0 0.2125 0.43359375 0.0203125 0.09140625
0 0.2921875 0.4671875 0.01953125 0.08984375
0 0.3328125 0.37890625 0.01796875 0.06953125
0 0.4 0.38671875 0.02265625 0.06953125
0 0.3453125 0.4921875 0.02421875 0.075
0 0.40078125 0.446875 0.02421875 0.06953125
0 0.38671875 0.5234375 0.01953125 0.08203125
0 0.55234375 0.4265625 0.02109375 0.0796875
0 0.56953125 0.409375 0.02109375 0.09453125
0 0.621875 0.41640625 0.02265625 0.09453125
0 0.67109375 0.41796875 0.025 0.096875
0 0.62734375 0.565625 0.03359375 0.08671875
0 0.7203125 0.5140625 0.02421875 0.1046875
0 0.80390625 0.3515625 0.025 0.06953125
0 0.825 0.396875 0.0265625 0.06953125
0 0.79453125 0.63203125 0.03359375 0.1