0 0.103125 0.4359375 0.01875 0.10546875
0 0.3125 0.36640625 0.015625 0.08359375
0 0.209375 0.50546875 0.021875 0.1109375
0 0.3140625 0.4984375 0.028125 0.10859375
0 0.3546875 0.41796875 0.01875 0.103125
0 0.3875 0.43203125 0.03125 0.103125
0 0.4765625 0.41953125 0.015625 0.0890625
0 0.496875 0.43046875 0.028125 0.1109375
0 0.52890625 0.3734375 0.0171875 0.10859375
0 0.565625 0.38203125 0.01875 0.09140625
0 0.60546875 0.4234375 0.0265625 0.10859375
0 0.609375 0.36640625 0.03125 0.05
0 0.778125 0.43046875 0.028125 0.1
0 0.8484375 0.4890625 0.028125 0.128125
0 0.96328125 0.70859375 0.0359375 0.1390625