0 0.11328125 0.403125 0.0296875 0.1
0 0.1609375 0.3484375 0.021875 0.08046875
0 0.17421875 0.31640625 0.0140625 0.06640625
0 0.18046875 0.403125 0.0234375 0.09453125
0 0.2984375 0.3734375 0.01875 0.075
0 0.28046875 0.3984375 0.0328125 0.1140625
0 0.3359375 0.5875 0.025 0.10859375
0 0.375 0.5984375 0.03125 0.096875
0 0.40546875 0.475 0.0203125 0.1
0 0.42734375 0.3265625 0.0140625 0.08046875
0 0.44375 0.35546875 0.0375 0.071875
0 0.68515625 0.3515625 0.0203125 0.075
0 0.79453125 0.346875 0.0359375 0.09453125
0 0.89375 0.48203125 0.040625 0.11953125
0 0.71796875 0.43359375 0.0296875 0.10546875
0 0.60234375 0.70390625 0.0390625 0.13046875