0 0.04296875 0.6890625 0.025 0.121875
0 0.240625 0.54140625 0.0265625 0.09453125
0 0.31953125 0.45546875 0.01484375 0.09296875
0 0.3296875 0.46640625 0.01484375 0.096875
0 0.2984375 0.5671875 0.02265625 0.08984375
0 0.31015625 0.63984375 0.01796875 0.11484375
0 0.34765625 0.6078125 0.028125 0.125
0 0.3953125 0.4234375 0.02265625 0.1015625
0 0.4265625 0.509375 0.01953125 0.09453125
0 0.475 0.553125 0.0125 0.06484375
0 0.50234375 0.45078125 0.025 0.096875
0 0.54609375 0.48671875 0.02265625 0.09453125
0 0.553125 0.5765625 0.01953125 0.096875
0 0.5734375 0.4234375 0.01796875 0.1015625
0 0.5953125 0.5109375 0.025 0.08671875
0 0.6328125 0.596875 0.02890625 0.09453125
0 0.7671875 0.64375 0.025 0.1015625
0 0.8296875 0.4078125 0.028125 0.0765625
0 0.92265625 0.553125 0.02890625 0.13515625