0 0.1484375 0.4390625 0.025 0.0890625
0 0.134375 0.6390625 0.025 0.1
0 0.1046875 0.8375 0.040625 0.10859375
0 0.28671875 0.74140625 0.0296875 0.09453125
0 0.3359375 0.69296875 0.028125 0.11953125
0 0.33359375 0.503125 0.0265625 0.09453125
0 0.30234375 0.384375 0.0234375 0.096875
0 0.25 0.21796875 0.01875 0.075
0 0.42421875 0.36953125 0.0234375 0.071875
0 0.36796875 0.49453125 0.0234375 0.1
0 0.5546875 0.3640625 0.015625 0.0890625
0 0.54453125 0.58359375 0.0265625 0.11640625
0 0.81484375 0.5109375 0.0328125 0.10546875
0 0.73671875 0.79609375 0.0421875 0.1359375