0 0.134375 0.31640625 0.025 0.0890625
0 0.103125 0.4625 0.034375 0.10859375
0 0.15703125 0.62109375 0.0390625 0.10859375
0 0.2875 0.35546875 0.025 0.071875
0 0.32421875 0.45546875 0.0265625 0.09453125
0 0.4234375 0.2875 0.015625 0.0640625
0 0.49375 0.2 0.0125 0.078125
0 0.55 0.24453125 0.025 0.08359375
0 0.521875 0.296875 0.01875 0.06640625
0 0.52109375 0.37109375 0.0234375 0.0640625
0 0.48046875 0.653125 0.0265625 0.1
0 0.62109375 0.396875 0.0171875 0.09453125
0 0.678125 0.315625 0.021875 0.0859375
0 0.7046875 0.346875 0.015625 0.0890625
0 0.721875 0.35859375 0.015625 0.09453125
0 0.715625 0.48203125 0.021875 0.103125
0 0.7 0.60703125 0.034375 0.10859375
0 0.83515625 0.403125 0.0296875 0.128125
0 0.97734375 0.540625 0.0234375 0.103125