0 0.13203125 0.3265625 0.0234375 0.08046875
0 0.115625 0.4859375 0.01875 0.09453125
0 0.23984375 0.8015625 0.0265625 0.125
0 0.346875 0.315625 0.01875 0.05859375
0 0.3546875 0.359375 0.021875 0.053125
0 0.4359375 0.4484375 0.021875 0.103125
0 0.440625 0.2890625 0.01875 0.05546875
0 0.5140625 0.26953125 0.01875 0.071875
0 0.60390625 0.2765625 0.0140625 0.0640625
0 0.53984375 0.3625 0.0296875 0.08046875
0 0.74921875 0.35 0.0171875 0.0609375
0 0.78203125 0.3234375 0.0171875 0.08046875
0 0.86484375 0.2890625 0.0203125 0.06640625
0 0.77578125 0.4640625 0.0265625 0.1
0 0.8765625 0.4609375 0.021875 0.1
0 0.9109375 0.44140625 0.015625 0.10546875
0 0.70859375 0.53359375 0.0140625 0.08359375
0 0.6765625 0.6125 0.025 0.13046875