0 0.07421875 0.58515625 0.025 0.1
0 0.08671875 0.6625 0.040625 0.075
0 0.0890625 0.68828125 0.03515625 0.0765625
0 0.30078125 0.371875 0.02265625 0.06953125
0 0.41875 0.275 0.01484375 0.071875
0 0.4453125 0.49296875 0.02421875 0.1
0 0.53046875 0.4453125 0.01953125 0.08671875
0 0.59765625 0.68203125 0.03828125 0.0796875
0 0.64296875 0.80234375 0.01796875 0.11953125
0 0.65703125 0.81640625 0.02421875 0.1015625
0 0.759375 0.4984375 0.01953125 0.121875
0 0.79296875 0.503125 0.02890625 0.096875
0 0.7796875 0.67421875 0.02265625 0.1046875
0 0.79453125 0.840625 0.03359375 0.125
0 0.81953125 0.68203125 0.025 0.1
0 0.90546875 0.6703125 0.03359375 0.11484375
0 0.94765625 0.65625 0.03203125 0.11796875