0 0.08125 0.490625 0.021875 0.11953125
0 0.12109375 0.646875 0.0171875 0.121875
0 0.12109375 0.7640625 0.0359375 0.128125
0 0.14296875 0.490625 0.0234375 0.1140625
0 0.178125 0.528125 0.034375 0.128125
0 0.28671875 0.375 0.0140625 0.1
0 0.296875 0.40703125 0.021875 0.09140625
0 0.43828125 0.278125 0.0265625 0.0890625
0 0.44609375 0.409375 0.0171875 0.10859375
0 0.4078125 0.4609375 0.025 0.1
0 0.5890625 0.29296875 0.015625 0.0859375
0 0.5328125 0.25546875 0.015625 0.078125
0 0.70546875 0.265625 0.0140625 0.06953125
0 0.571875 0.5484375 0.03125 0.13046875
0 0.66796875 0.475 0.0234375 0.1
0 0.75 0.56796875 0.034375 0.125
0 0.82421875 0.49609375 0.0296875 0.1140625
0 0.959375 0.3859375 0.028125 0.121875