0 0.0453125 0.56953125 0.034375 0.13359375
0 0.2046875 0.70390625 0.034375 0.13046875
0 0.25859375 0.3984375 0.0203125 0.075
0 0.50625 0.4625 0.01875 0.06953125
0 0.47734375 0.66640625 0.0296875 0.1109375
0 0.553125 0.51640625 0.028125 0.078125
0 0.56953125 0.4984375 0.0265625 0.06953125
0 0.5359375 0.4359375 0.021875 0.0890625
0 0.57109375 0.40703125 0.0203125 0.08046875
0 0.63359375 0.41953125 0.0203125 0.071875
0 0.6515625 0.4625 0.034375 0.08046875
0 0.671875 0.4234375 0.015625 0.08046875
0 0.7328125 0.4734375 0.01875 0.09140625
0 0.6484375 0.5859375 0.03125 0.078125
0 0.7953125 0.53359375 0.021875 0.1
0 0.85078125 0.54453125 0.0203125 0.08359375
0 0.84453125 0.6125 0.0234375 0.075
0 0.8859375 0.6640625 0.0375 0.1109375
0 0.9125 0.621875 0.021875 0.08359375
0 0.9578125 0.7859375 0.034375 0.1