0 0.0265625 0.325 0.015625 0.05546875
0 0.0421875 0.29453125 0.00625 0.04453125
0 0.00625 0.39609375 0.0125 0.05859375
0 0.0609375 0.390625 0.025 0.075
0 0.0625 0.459375 0.028125 0.06953125
0 0.009375 0.603125 0.01875 0.0890625
0 0.04453125 0.928125 0.0390625 0.121875
0 0.196875 0.4359375 0.021875 0.06640625
0 0.3140625 0.29296875 0.0125 0.053125
0 0.38046875 0.30546875 0.0140625 0.0390625
0 0.36953125 0.3265625 0.0140625 0.05859375
0 0.38515625 0.34609375 0.0171875 0.053125
0 0.2671875 0.45 0.021875 0.08359375
0 0.3078125 0.6 0.025 0.08359375
0 0.5359375 0.6890625 0.021875 0.0890625
0 0.5671875 0.3890625 0.015625 0.05
0 0.62578125 0.359375 0.0203125 0.0640625
0 0.65390625 0.296875 0.0203125 0.06640625
0 0.8625 0.36796875 0.021875 0.075
0 0.9125 0.4984375 0.028125 0.103125