0 0.01953125 0.34296875 0.0140625 0.0640625
0 0.08046875 0.30390625 0.0171875 0.053125
0 0.02109375 0.4265625 0.0140625 0.06953125
0 0.01171875 0.47890625 0.0171875 0.08046875
0 0.03203125 0.52109375 0.0234375 0.096875
0 0.25625 0.37109375 0.0125 0.0640625
0 0.28125 0.36953125 0.021875 0.06640625
0 0.2296875 0.47109375 0.015625 0.0640625
0 0.2390625 0.503125 0.015625 0.0890625
0 0.48125 0.33046875 0.015625 0.0609375
0 0.525 0.44140625 0.021875 0.09453125
0 0.5984375 0.4484375 0.01875 0.08046875
0 0.57734375 0.62109375 0.0390625 0.11953125
0 0.58828125 0.31796875 0.0171875 0.075
0 0.8453125 0.3390625 0.01875 0.078125
0 0.78671875 0.40703125 0.0234375 0.096875
0 0.90625 0.7234375 0.034375 0.13046875