0 0.16953125 0.2375 0.0171875 0.06953125
0 0.23828125 0.1890625 0.0265625 0.06640625
0 0.11171875 0.478125 0.0265625 0.09453125
0 0.234375 0.6859375 0.04375 0.09453125
0 0.321875 0.40859375 0.03125 0.11640625
0 0.41015625 0.21953125 0.0234375 0.0890625
0 0.44921875 0.2359375 0.0265625 0.0890625
0 0.546875 0.29296875 0.01875 0.08046875
0 0.59609375 0.309375 0.0171875 0.06953125
0 0.61015625 0.37890625 0.0296875 0.08046875
0 0.54296875 0.66796875 0.0421875 0.125
0 0.546875 0.809375 0.059375 0.09140625
0 0.821875 0.753125 0.05 0.15
0 0.81640625 0.4734375 0.0328125 0.13046875
0 0.90390625 0.6234375 0.0515625 0.1359375