0 0.05703125 0.39609375 0.0234375 0.1140625
0 0.0390625 0.546875 0.03125 0.121875
0 0.25 0.30546875 0.025 0.09453125
0 0.2078125 0.425 0.034375 0.11640625
0 0.28671875 0.32890625 0.0234375 0.09140625
0 0.25546875 0.521875 0.0296875 0.121875
0 0.33359375 0.38046875 0.0265625 0.1109375
0 0.37734375 0.53046875 0.0296875 0.10546875
0 0.52265625 0.75 0.0421875 0.15546875
0 0.47421875 0.35390625 0.0234375 0.10859375
0 0.4875 0.41796875 0.025 0.10859375
0 0.54140625 0.3484375 0.0265625 0.103125
0 0.60859375 0.36796875 0.0296875 0.1140625
0 0.5671875 0.41640625 0.034375 0.08359375
0 0.67578125 0.4640625 0.0234375 0.11640625
0 0.70234375 0.61953125 0.0453125 0.15546875
0 0.8765625 0.459375 0.0375 0.1140625
0 0.89765625 0.559375 0.0296875 0.11953125
0 0.95078125 0.565625 0.0296875 0.1359375