0 0.16640625 0.37890625 0.0171875 0.08046875
0 0.15390625 0.44453125 0.0234375 0.0890625
0 0.078125 0.584375 0.04375 0.125
0 0.19453125 0.3734375 0.0203125 0.103125
0 0.3140625 0.2875 0.021875 0.075
0 0.3625 0.2890625 0.021875 0.078125
0 0.31640625 0.36640625 0.0265625 0.0609375
0 0.3171875 0.46953125 0.021875 0.1
0 0.5171875 0.3015625 0.015625 0.075
0 0.53984375 0.30546875 0.0203125 0.078125
0 0.509375 0.5 0.01875 0.10546875
0 0.59609375 0.28203125 0.0109375 0.0640625
0 0.61171875 0.29296875 0.0171875 0.053125
0 0.6875 0.2765625 0.0125 0.06953125
0 0.7 0.3015625 0.015625 0.053125
0 0.70625 0.409375 0.01875 0.096875
0 0.91875 0.60859375 0.034375 0.121875