0 0.009375 0.2234375 0.01875 0.08046875
0 0.07578125 0.2625 0.0265625 0.09140625
0 0.2359375 0.634375 0.028125 0.146875
0 0.3171875 0.821875 0.05625 0.15
0 0.3453125 0.54140625 0.04375 0.11640625
0 0.39140625 0.421875 0.0234375 0.09453125
0 0.4125 0.45703125 0.021875 0.096875
0 0.425 0.3359375 0.03125 0.1109375
0 0.4765625 0.30859375 0.0375 0.128125
0 0.47734375 0.5484375 0.0296875 0.1140625
0 0.5515625 0.4890625 0.04375 0.121875
0 0.59296875 0.70390625 0.0328125 0.146875
0 0.6953125 0.625 0.040625 0.1390625
0 0.59296875 0.45703125 0.0265625 0.125
0 0.57421875 0.37109375 0.0359375 0.10859375
0 0.6890625 0.4765625 0.053125 0.125