0 0.06015625 0.45 0.0203125 0.08359375
0 0.13203125 0.6015625 0.0296875 0.08046875
0 0.215625 0.325 0.021875 0.078125
0 0.44375 0.3390625 0.021875 0.071875
0 0.42734375 0.48203125 0.0328125 0.096875
0 0.4984375 0.3109375 0.021875 0.078125
0 0.6640625 0.6515625 0.021875 0.10859375
0 0.62578125 0.28046875 0.0234375 0.071875
0 0.690625 0.3515625 0.021875 0.075
0 0.6109375 0.903125 0.053125 0.1390625
0 0.959375 0.77890625 0.04375 0.1359375
0 0.7703125 0.3125 0.01875 0.06953125
0 0.83125 0.30703125 0.021875 0.0859375
0 0.834375 0.525 0.021875 0.09453125
0 0.86953125 0.50390625 0.0234375 0.11953125
0 0.93671875 0.396875 0.0203125 0.071875
0 0.95078125 0.38203125 0.0140625 0.08046875