0 0.34453125 0.55234375 0.0140625 0.11015625
0 0.36796875 0.5265625 0.01640625 0.11484375
0 0.41875 0.53203125 0.02265625 0.11953125
0 0.446875 0.52421875 0.02421875 0.125
0 0.44453125 0.41640625 0.01640625 0.0796875
0 0.45390625 0.4546875 0.02109375 0.08515625
0 0.46484375 0.50078125 0.02890625 0.096875
0 0.49296875 0.47265625 0.028125 0.11015625
0 0.509375 0.44375 0.028125 0.1046875
0 0.63359375 0.45625 0.0140625 0.06796875
0 0.6546875 0.45703125 0.01953125 0.08984375
0 0.67265625 0.4890625 0.01953125 0.08984375
0 0.62109375 0.5140625 0.02109375 0.1046875
0 0.48515625 0.69453125 0.02890625 0.128125
0 0.43515625 0.81171875 0.028125 0.121875
0 0.66640625 0.58203125 0.02421875 0.1
0 0.75625 0.60546875 0.03046875 0.1046875
0 0.8578125 0.45859375 0.01953125 0.1015625