0 0.12421875 0.3859375 0.0234375 0.10546875
0 0.19609375 0.5859375 0.0296875 0.10546875
0 0.31875 0.465625 0.028125 0.1140625
0 0.38125 0.31796875 0.021875 0.0859375
0 0.55546875 0.303125 0.0234375 0.0890625
0 0.40859375 0.64453125 0.0296875 0.10546875
0 0.484375 0.5859375 0.028125 0.10546875
0 0.52109375 0.5140625 0.0328125 0.1
0 0.5796875 0.45859375 0.03125 0.09453125
0 0.6859375 0.21953125 0.01875 0.0609375
0 0.70703125 0.30859375 0.0140625 0.071875
0 0.67109375 0.65546875 0.0390625 0.13359375
0 0.76640625 0.390625 0.0265625 0.096875
0 0.77265625 0.296875 0.0171875 0.08359375
0 0.83984375 0.3765625 0.0171875 0.08046875
0 0.9484375 0.48046875 0.0375 0.11640625
0 0.83515625 0.540625 0.0265625 0.10859375
0 0.85390625 0.603125 0.0234375 0.09453125
0 0.8390625 0.90390625 0.040625 0.14140625