0 0.0140625 0.69765625 0.02421875 0.11953125
0 0.040625 0.9046875 0.02890625 0.13671875
0 0.10859375 0.475 0.01640625 0.08515625
0 0.1140625 0.3828125 0.02109375 0.08203125
0 0.140625 0.48671875 0.03203125 0.0796875
0 0.25859375 0.30546875 0.01640625 0.071875
0 0.3171875 0.27265625 0.01484375 0.06796875
0 0.29765625 0.47734375 0.025 0.11015625
0 0.378125 0.409375 0.01796875 0.059375
0 0.34765625 0.559375 0.025 0.1046875
0 0.42890625 0.65625 0.03046875 0.1015625
0 0.52578125 0.37421875 0.025 0.08515625
0 0.590625 0.3578125 0.02890625 0.0765625
0 0.690625 0.42578125 0.0265625 0.09296875
0 0.54921875 0.440625 0.02109375 0.08671875
0 0.596875 0.4453125 0.028125 0.071875
0 0.67421875 0.61640625 0.025 0.096875
0 0.79765625 0.35078125 0.02109375 0.08203125
0 0.9078125 0.41640625 0.01953125 0.1
0 0.92890625 0.61171875 0.02421875 0.13203125