0 0.19609375 0.365625 0.0203125 0.11953125
0 0.05390625 0.6515625 0.0421875 0.153125
0 0.103125 0.77109375 0.0375 0.16953125
0 0.3265625 0.3875 0.028125 0.10859375
0 0.4578125 0.375 0.03125 0.10546875
0 0.46328125 0.54453125 0.0359375 0.121875
0 0.525 0.4 0.028125 0.1
0 0.55703125 0.45 0.0171875 0.11640625
0 0.62421875 0.515625 0.0421875 0.125
0 0.640625 0.4234375 0.028125 0.10859375
0 0.6765625 0.4234375 0.015625 0.103125
0 0.6890625 0.4609375 0.015625 0.13359375
0 0.73125 0.5015625 0.025 0.153125
0 0.78046875 0.484375 0.0234375 0.11953125