0 0.053125 0.50703125 0.025 0.096875
0 0.159375 0.68359375 0.03125 0.1109375
0 0.3375 0.609375 0.03125 0.096875
0 0.36875 0.56640625 0.021875 0.09453125
0 0.5203125 0.34140625 0.0125 0.05546875
0 0.70234375 0.40390625 0.0203125 0.06953125
0 0.68515625 0.44609375 0.0140625 0.0859375
0 0.75625 0.4015625 0.015625 0.075
0 0.7953125 0.421875 0.028125 0.08359375
0 0.728125 0.5140625 0.01875 0.0890625
0 0.79453125 0.49453125 0.0328125 0.078125
0 0.77890625 0.5484375 0.0265625 0.08046875
0 0.7953125 0.621875 0.015625 0.09453125
0 0.890625 0.4609375 0.01875 0.0890625
0 0.9109375 0.50546875 0.028125 0.09453125
0 0.9765625 0.57890625 0.028125 0.10859375