0 0.08828125 0.40390625 0.0234375 0.08046875
0 0.0421875 0.478125 0.025 0.0890625
0 0.075 0.5140625 0.025 0.1
0 0.14296875 0.7015625 0.0359375 0.103125
0 0.13515625 0.47109375 0.0203125 0.096875
0 0.17265625 0.421875 0.0328125 0.09453125
0 0.20546875 0.36640625 0.0234375 0.078125
0 0.284375 0.38203125 0.025 0.075
0 0.2671875 0.584375 0.0375 0.11953125
0 0.3234375 0.421875 0.028125 0.08359375
0 0.390625 0.37109375 0.028125 0.0859375
0 0.42265625 0.5140625 0.0359375 0.1
0 0.58984375 0.684375 0.0328125 0.11953125
0 0.66875 0.39609375 0.040625 0.103125
0 0.74765625 0.453125 0.0390625 0.09453125
0 0.80390625 0.39140625 0.0421875 0.0890625
0 0.696875 0.6265625 0.05625 0.1140625