0 0.1109375 0.725 0.028125 0.10546875
0 0.140625 0.69140625 0.034375 0.10546875
0 0.3203125 0.56953125 0.028125 0.0890625
0 0.2796875 0.7390625 0.03125 0.078125
0 0.25078125 0.7984375 0.0265625 0.10859375
0 0.35625 0.57890625 0.01875 0.08046875
0 0.38046875 0.5609375 0.0203125 0.08359375
0 0.3890625 0.6609375 0.03125 0.1
0 0.50859375 0.40859375 0.0140625 0.071875
0 0.55 0.409375 0.015625 0.06953125
0 0.62890625 0.3625 0.0140625 0.05859375
0 0.4984375 0.7125 0.028125 0.096875
0 0.68125 0.8359375 0.0375 0.1109375
0 0.64765625 0.55703125 0.0265625 0.096875
0 0.6734375 0.63203125 0.025 0.096875
0 0.8125 0.359375 0.01875 0.075
0 0.875 0.41953125 0.025 0.0890625
0 0.896875 0.5609375 0.021875 0.09453125