0 0.1703125 0.25859375 0.01875 0.078125
0 0.128125 0.36953125 0.0375 0.10546875
0 0.046875 0.55546875 0.034375 0.1
0 0.21484375 0.3390625 0.0296875 0.078125
0 0.3265625 0.34609375 0.021875 0.075
0 0.33671875 0.32109375 0.0140625 0.075
0 0.33984375 0.5484375 0.0234375 0.0859375
0 0.3375 0.840625 0.040625 0.1359375
0 0.47109375 0.484375 0.0234375 0.10859375
0 0.55625 0.33359375 0.021875 0.06640625
0 0.55390625 0.40390625 0.0234375 0.0859375
0 0.53203125 0.628125 0.0296875 0.121875
0 0.62734375 0.45390625 0.0296875 0.09140625
0 0.6984375 0.20546875 0.021875 0.0609375
0 0.765625 0.27109375 0.025 0.08046875
0 0.8140625 0.359375 0.01875 0.08046875
0 0.84609375 0.3890625 0.0203125 0.09453125
0 0.884375 0.4125 0.025 0.09140625
0 0.8484375 0.8734375 0.0375 0.146875