0 0.07578125 0.43203125 0.0203125 0.103125
0 0.06640625 0.58359375 0.0296875 0.128125
0 0.23203125 0.3265625 0.0171875 0.06953125
0 0.34375 0.47109375 0.015625 0.08046875
0 0.39140625 0.740625 0.0421875 0.11953125
0 0.39296875 0.48046875 0.0171875 0.0890625
0 0.4765625 0.3140625 0.015625 0.06640625
0 0.45234375 0.5015625 0.0203125 0.0859375
0 0.5203125 0.3765625 0.01875 0.08046875
0 0.51484375 0.46796875 0.0234375 0.0859375
0 0.57734375 0.35546875 0.0171875 0.0609375
0 0.5828125 0.3890625 0.021875 0.06640625
0 0.87734375 0.3265625 0.0171875 0.075
0 0.9140625 0.3515625 0.015625 0.075
0 0.8921875 0.3890625 0.015625 0.06640625
0 0.92890625 0.440625 0.0140625 0.0859375
0 0.94140625 0.42109375 0.0140625 0.075
0 0.8921875 0.5625 0.028125 0.10859375