0 0.09765625 0.353125 0.025 0.0765625
0 0.11015625 0.3640625 0.02421875 0.075
0 0.21953125 0.61875 0.028125 0.121875
0 0.27578125 0.73515625 0.03359375 0.11484375
0 0.32734375 0.53671875 0.028125 0.1296875
0 0.378125 0.353125 0.01796875 0.08671875
0 0.4375 0.33515625 0.02265625 0.08671875
0 0.39765625 0.5921875 0.025 0.11015625
0 0.52890625 0.4234375 0.01640625 0.1015625
0 0.63203125 0.359375 0.02265625 0.09453125
0 0.74375 0.35078125 0.02265625 0.096875
0 0.975 0.50546875 0.01953125 0.10703125
0 0.70078125 0.77265625 0.03359375 0.125