0 0.0875 0.40703125 0.02265625 0.075
0 0.03125 0.70546875 0.025 0.125
0 0.209375 0.68046875 0.01953125 0.1046875
0 0.38515625 0.63984375 0.025 0.09453125
0 0.428125 0.64296875 0.02265625 0.075
0 0.40625 0.69921875 0.03046875 0.08671875
0 0.446875 0.4171875 0.01796875 0.06953125
0 0.5046875 0.3203125 0.02421875 0.05703125
0 0.56171875 0.334375 0.01953125 0.06484375
0 0.49375 0.88203125 0.03828125 0.11796875
0 0.6640625 0.628125 0.02265625 0.0796875
0 0.73046875 0.49765625 0.01953125 0.075
0 0.76875 0.32421875 0.01640625 0.075
0 0.79296875 0.36640625 0.0140625 0.08515625
0 0.83359375 0.4109375 0.02265625 0.08203125
0 0.8390625 0.47421875 0.01640625 0.0796875
0 0.83203125 0.5640625 0.03359375 0.09296875
0 0.746875 0.6859375 0.02109375 0.09296875
0 0.765625 0.69296875 0.02421875 0.1