0 0.01875 0.45703125 0.03359375 0.11015625
0 0.09453125 0.521875 0.02890625 0.09453125
0 0.10859375 0.5546875 0.025 0.08515625
0 0.14140625 0.46796875 0.0421875 0.11171875
0 0.19140625 0.565625 0.03515625 0.125
0 0.2734375 0.46171875 0.02421875 0.1
0 0.41875 0.5265625 0.03203125 0.11796875
0 0.503125 0.38046875 0.02890625 0.0765625
0 0.53671875 0.40546875 0.0265625 0.05703125
0 0.52578125 0.446875 0.02109375 0.06484375
0 0.5765625 0.4640625 0.0265625 0.1046875
0 0.59140625 0.51171875 0.02265625 0.1
0 0.696875 0.64375 0.0390625 0.121875
0 0.78203125 0.4546875 0.04296875 0.09453125
0 0.8390625 0.6171875 0.04609375 0.13984375
0 0.81796875 0.71953125 0.03203125 0.125