0 0.240625 0.2609375 0.025 0.0890625
0 0.3203125 0.2984375 0.01875 0.08046875
0 0.2109375 0.334375 0.025 0.0859375
0 0.2375 0.340625 0.03125 0.08046875
0 0.265625 0.4890625 0.025 0.11640625
0 0.2375 0.5109375 0.03125 0.1109375
0 0.2171875 0.77109375 0.040625 0.146875
0 0.4953125 0.68359375 0.028125 0.15546875
0 0.4578125 0.36640625 0.03125 0.121875
0 0.5796875 0.478125 0.021875 0.10546875
0 0.5671875 0.525 0.0375 0.1390625
0 0.69140625 0.46953125 0.0234375 0.13359375
0 0.76015625 0.484375 0.0203125 0.13046875
0 0.853125 0.5859375 0.025 0.13359375
0 0.74921875 0.55 0.0328125 0.1109375
0 0.89609375 0.7265625 0.0453125 0.13046875