0 0.13046875 0.46953125 0.02890625 0.11484375
0 0.1328125 0.38671875 0.025 0.06484375
0 0.15078125 0.396875 0.01484375 0.0796875
0 0.24296875 0.36640625 0.03046875 0.0796875
0 0.47265625 0.321875 0.02265625 0.0546875
0 0.4765625 0.371875 0.01796875 0.08984375
0 0.4921875 0.43359375 0.01796875 0.06796875
0 0.51875 0.43125 0.02421875 0.0796875
0 0.5109375 0.51484375 0.01953125 0.09453125
0 0.45078125 0.5140625 0.028125 0.08984375
0 0.60390625 0.40859375 0.025 0.08671875
0 0.62890625 0.378125 0.02421875 0.071875
0 0.65 0.33671875 0.0265625 0.06484375
0 0.825 0.3640625 0.0265625 0.08984375
0 0.80546875 0.57734375 0.0390625 0.11953125
0 0.8828125 0.459375 0.025 0.09453125
0 0.921875 0.36953125 0.0265625 0.08515625
0 0.9453125 0.47109375 0.03046875 0.09296875