0 0.31953125 0.4140625 0.0203125 0.078125
0 0.22734375 0.70859375 0.0359375 0.10546875
0 0.2859375 0.66640625 0.021875 0.1
0 0.48359375 0.7734375 0.0328125 0.10859375
0 0.58671875 0.74453125 0.0296875 0.11640625
0 0.63984375 0.44296875 0.0171875 0.08046875
0 0.659375 0.31640625 0.015625 0.05546875
0 0.6546875 0.45390625 0.01875 0.08046875
0 0.74765625 0.4890625 0.0203125 0.078125
0 0.84375 0.35390625 0.015625 0.05859375
0 0.80625 0.50546875 0.01875 0.06640625
0 0.775 0.63203125 0.021875 0.0859375
0 0.79921875 0.6375 0.0203125 0.08046875
0 0.9625 0.91953125 0.034375 0.1109375
0 0.9203125 0.44453125 0.0125 0.0609375
0 0.93125 0.459375 0.015625 0.08046875
0 0.96796875 0.43203125 0.0140625 0.06953125
0 0.98359375 0.54453125 0.0140625 0.09453125