0 0.125 0.41328125 0.03046875 0.10703125
0 0.2765625 0.38125 0.0265625 0.08203125
0 0.46953125 0.37578125 0.01640625 0.071875
0 0.48359375 0.346875 0.0265625 0.06484375
0 0.27421875 0.50703125 0.028125 0.08984375
0 0.37421875 0.48046875 0.01640625 0.09296875
0 0.553125 0.49453125 0.025 0.08984375
0 0.51875 0.6328125 0.02890625 0.11015625
0 0.6328125 0.40390625 0.01796875 0.06953125
0 0.64765625 0.36015625 0.01640625 0.05703125
0 0.64609375 0.41875 0.0140625 0.08671875
0 0.73203125 0.61875 0.02421875 0.096875
0 0.8375 0.55546875 0.02265625 0.1046875
0 0.8234375 0.42578125 0.01796875 0.0765625
0 0.80234375 0.365625 0.01640625 0.08203125
0 0.8296875 0.37421875 0.0265625 0.059375