0 0.096875 0.41640625 0.034375 0.1
0 0.2703125 0.2859375 0.03125 0.10546875
0 0.23359375 0.52109375 0.0328125 0.1140625
0 0.35546875 0.3390625 0.0265625 0.08359375
0 0.43046875 0.196875 0.0203125 0.071875
0 0.47578125 0.28046875 0.0265625 0.071875
0 0.43125 0.35 0.028125 0.08359375
0 0.5125 0.35546875 0.021875 0.08359375
0 0.49609375 0.45 0.0234375 0.09453125
0 0.6140625 0.6359375 0.025 0.14453125
0 0.7125 0.49140625 0.025 0.09453125
0 0.73671875 0.8 0.0453125 0.121875
0 0.925 0.525 0.040625 0.13359375
0 0.83359375 0.3984375 0.0265625 0.11953125
0 0.7984375 0.37109375 0.021875 0.0859375
0 0.77578125 0.346875 0.0296875 0.1
0 0.709375 0.27109375 0.01875 0.08046875
0 0.65703125 0.23359375 0.0265625 0.06640625
0 0.7578125 0.21640625 0.025 0.071875
0 0.65234375 0.309375 0.0265625 0.0859375