0 0.153125 0.31171875 0.03046875 0.1
0 0.175 0.48046875 0.0265625 0.11015625
0 0.31484375 0.42578125 0.028125 0.1015625
0 0.384375 0.4328125 0.02890625 0.096875
0 0.32578125 0.5734375 0.03203125 0.11796875
0 0.42890625 0.6109375 0.03671875 0.10703125
0 0.453125 0.85078125 0.0421875 0.13515625
0 0.47578125 0.35625 0.025 0.1
0 0.525 0.5625 0.03671875 0.11953125
0 0.59375 0.61796875 0.03359375 0.11015625
0 0.65 0.7125 0.03828125 0.125
0 0.7609375 0.2640625 0.02109375 0.08515625
0 0.834375 0.33671875 0.0265625 0.08984375
0 0.88515625 0.540625 0.03203125 0.121875
0 0.93515625 0.52109375 0.025 0.11171875
0 0.8609375 0.59453125 0.02890625 0.125
0 0.80546875 0.68515625 0.0390625 0.14453125