0 0.0390625 0.4375 0.021875 0.08046875
0 0.0984375 0.346875 0.01875 0.078125
0 0.1765625 0.36640625 0.0125 0.078125
0 0.265625 0.2859375 0.01875 0.08359375
0 0.2390625 0.365625 0.021875 0.075
0 0.2890625 0.39296875 0.025 0.08046875
0 0.24140625 0.60546875 0.0203125 0.11640625
0 0.315625 0.465625 0.015625 0.08046875
0 0.34375 0.39296875 0.021875 0.08046875
0 0.36171875 0.309375 0.0171875 0.075
0 0.52578125 0.36640625 0.0171875 0.08359375
0 0.48125 0.4609375 0.01875 0.1
0 0.50703125 0.44140625 0.0234375 0.08359375
0 0.5734375 0.39140625 0.021875 0.09453125
0 0.60078125 0.396875 0.0234375 0.1
0 0.65 0.47890625 0.01875 0.096875
0 0.8328125 0.56953125 0.01875 0.1
0 0.940625 0.690625 0.046875 0.125