0 0.10859375 0.346875 0.02109375 0.1
0 0.23125 0.28125 0.01953125 0.06953125
0 0.221875 0.47890625 0.02265625 0.1046875
0 0.19453125 0.53125 0.02109375 0.096875
0 0.22578125 0.6359375 0.025 0.1015625
0 0.26953125 0.6578125 0.03359375 0.11015625
0 0.4375 0.4984375 0.01640625 0.09296875
0 0.49140625 0.43359375 0.02109375 0.1015625
0 0.478125 0.5515625 0.0265625 0.11484375
0 0.51875 0.66875 0.01953125 0.11171875
0 0.54296875 0.4203125 0.02109375 0.08671875
0 0.56484375 0.5375 0.02421875 0.11015625
0 0.74921875 0.36484375 0.02265625 0.08515625
0 0.84765625 0.534375 0.0390625 0.1046875
0 0.66953125 0.7 0.03515625 0.11484375