0 0.1421875 0.6125 0.034375 0.1140625
0 0.13125 0.875 0.05 0.1609375
0 0.2609375 0.503125 0.03125 0.1109375
0 0.340625 0.40703125 0.028125 0.13046875
0 0.421875 0.459375 0.025 0.1140625
0 0.3953125 0.52109375 0.021875 0.10859375
0 0.53203125 0.41640625 0.0171875 0.09453125
0 0.55546875 0.465625 0.0296875 0.10859375
0 0.60859375 0.34140625 0.0265625 0.0890625
0 0.65546875 0.334375 0.0234375 0.096875
0 0.61640625 0.38203125 0.0140625 0.096875
0 0.6421875 0.38203125 0.01875 0.08046875
0 0.64375 0.45703125 0.028125 0.096875
0 0.78515625 0.41953125 0.0328125 0.128125
0 0.85390625 0.4234375 0.0296875 0.14140625