0 0.06171875 0.4546875 0.02421875 0.09453125
0 0.09140625 0.465625 0.02421875 0.1015625
0 0.0953125 0.54765625 0.0265625 0.08984375
0 0.1890625 0.384375 0.01953125 0.08515625
0 0.315625 0.31171875 0.02109375 0.075
0 0.23046875 0.5171875 0.02265625 0.08984375
0 0.30625 0.48671875 0.0265625 0.1046875
0 0.28046875 0.596875 0.0265625 0.1
0 0.3296875 0.59375 0.02890625 0.08203125
0 0.4078125 0.640625 0.028125 0.121875
0 0.45859375 0.48125 0.02265625 0.08203125
0 0.50078125 0.415625 0.03203125 0.08671875
0 0.46875 0.5453125 0.01953125 0.08515625
0 0.55546875 0.4921875 0.02109375 0.08984375
0 0.73984375 0.40390625 0.02421875 0.08984375
0 0.771875 0.5234375 0.03515625 0.11171875
0 0.88203125 0.5484375 0.02421875 0.11171875
0 0.65625 0.61953125 0.028125 0.1046875