0 0.01640625 0.80859375 0.0328125 0.16640625
0 0.17421875 0.565625 0.0421875 0.09140625
0 0.3484375 0.403125 0.021875 0.09453125
0 0.378125 0.3234375 0.028125 0.08046875
0 0.42265625 0.265625 0.0234375 0.08046875
0 0.47421875 0.21953125 0.0078125 0.05546875
0 0.53046875 0.259375 0.0140625 0.05859375
0 0.515625 0.31796875 0.021875 0.08046875
0 0.5390625 0.3265625 0.021875 0.08046875
0 0.52109375 0.39296875 0.0234375 0.08046875
0 0.60078125 0.2890625 0.0171875 0.078125
0 0.88359375 0.2859375 0.0203125 0.078125
0 0.8484375 0.4515625 0.025 0.1140625
0 0.7515625 0.33359375 0.028125 0.09453125
0 0.71328125 0.3375 0.0359375 0.08046875
0 0.6671875 0.44140625 0.021875 0.09453125
0 0.57265625 0.596875 0.0328125 0.11640625
0 0.70234375 0.72890625 0.0328125 0.153125