0 0.19921875 0.440625 0.0203125 0.0859375
0 0.128125 0.6890625 0.034375 0.128125
0 0.21171875 0.5234375 0.0328125 0.09140625
0 0.2984375 0.55390625 0.015625 0.09140625
0 0.31328125 0.59609375 0.0265625 0.096875
0 0.34140625 0.484375 0.0234375 0.103125
0 0.3625 0.446875 0.025 0.09453125
0 0.39453125 0.47890625 0.0140625 0.0859375
0 0.4234375 0.53046875 0.021875 0.1
0 0.45 0.56640625 0.01875 0.1
0 0.4890625 0.48359375 0.01875 0.1
0 0.484375 0.60390625 0.021875 0.0859375
0 0.55703125 0.515625 0.0234375 0.096875
0 0.6109375 0.5109375 0.01875 0.1
0 0.63828125 0.5375 0.0234375 0.09140625
0 0.71484375 0.57890625 0.0171875 0.09140625
0 0.73046875 0.58359375 0.0234375 0.10546875