0 0.26640625 0.47890625 0.0265625 0.1140625
0 0.2859375 0.44453125 0.021875 0.1
0 0.33203125 0.375 0.0203125 0.0890625
0 0.365625 0.41953125 0.025 0.10546875
0 0.4 0.3984375 0.028125 0.103125
0 0.42265625 0.37109375 0.0234375 0.11953125
0 0.3484375 0.421875 0.021875 0.121875
0 0.45703125 0.33359375 0.0203125 0.09453125
0 0.4640625 0.35703125 0.015625 0.1140625
0 0.48125 0.31796875 0.01875 0.09140625
0 0.5125 0.34140625 0.021875 0.1390625
0 0.52578125 0.30703125 0.0171875 0.096875
0 0.57421875 0.2890625 0.0359375 0.121875
0 0.83828125 0.184375 0.0234375 0.096875
0 0.92890625 0.384375 0.0328125 0.10859375
0 0.63828125 0.390625 0.0296875 0.103125
0 0.43671875 0.64296875 0.0328125 0.10859375
0 0.38984375 0.721875 0.0421875 0.15546875