0 0.3140625 0.371875 0.03828125 0.1
0 0.4359375 0.328125 0.053125 0.128125
0 0.278125 0.46171875 0.02265625 0.13515625
0 0.31171875 0.459375 0.03359375 0.14453125
0 0.3453125 0.50703125 0.04296875 0.16484375
0 0.29765625 0.53203125 0.0390625 0.15
0 0.2578125 0.7890625 0.04609375 0.178125
0 0.30234375 0.89765625 0.03671875 0.175
0 0.44375 0.80078125 0.04296875 0.1703125
0 0.609375 0.66328125 0.03671875 0.18203125
0 0.65234375 0.74296875 0.03671875 0.18984375
0 0.67421875 0.64765625 0.03046875 0.16015625
0 0.72578125 0.5859375 0.04296875 0.16171875