0 0.0078125 0.4375 0.015625 0.0859375
0 0.22265625 0.328125 0.0171875 0.06640625
0 0.40234375 0.33203125 0.0171875 0.0640625
0 0.3609375 0.4375 0.0125 0.075
0 0.37734375 0.4765625 0.0171875 0.075
0 0.315625 0.7125 0.028125 0.103125
0 0.425 0.51953125 0.01875 0.0890625
0 0.44375 0.3890625 0.015625 0.078125
0 0.4765625 0.35703125 0.021875 0.075
0 0.521875 0.39296875 0.021875 0.08046875
0 0.49453125 0.46640625 0.0203125 0.09453125
0 0.8296875 0.309375 0.01875 0.0640625
0 0.8546875 0.3390625 0.015625 0.0609375
0 0.828125 0.38359375 0.0125 0.071875
0 0.86640625 0.43046875 0.0140625 0.078125
0 0.8890625 0.440625 0.028125 0.06953125
0 0.83515625 0.54609375 0.0265625 0.0859375