0 0.890625 0.603125 0.02734375 0.10703125
0 0.509375 0.46796875 0.0234375 0.08359375
0 0.49921875 0.27734375 0.0234375 0.059375
0 0.725 0.484375 0.01875 0.096875
0 0.753125 0.478125 0.02890625 0.09609375
0 0.26015625 0.340625 0.015625 0.0765625
0 0.634375 0.40078125 0.01875 0.08203125
0 0.384375 0.26484375 0.0171875 0.06796875
0 0.7203125 0.896875 0.02890625 0.134375
0 0.2171875 0.34140625 0.01640625 0.075
0 0.4296875 0.3515625 0.02265625 0.08359375
0 0.659375 0.63359375 0.02890625 0.103125
0 0.409375 0.34609375 0.01796875 0.075
0 0.6578125 0.578125 0.02734375 0.096875
0 0.23828125 0.52578125 0.025 0.09609375
0 0.23359375 0.48125 0.015625 0.05703125
0 0.1375 0.38125 0.0203125 0.084375