0 0.5875 0.30859375 0.0203125 0.075
0 0.671875 0.46640625 0.02578125 0.09140625
0 0.51171875 0.3796875 0.01875 0.084375
0 0.39140625 0.71796875 0.01875 0.1140625
0 0.803125 0.63984375 0.03046875 0.10703125
0 0.29375 0.3515625 0.01953125 0.08046875
0 0.08203125 0.24140625 0.0234375 0.0640625
0 0.26875 0.43671875 0.02421875 0.09296875
0 0.4125 0.4125 0.02265625 0.09140625
0 0.228125 0.2515625 0.015625 0.06640625
0 0.16015625 0.1828125 0.015625 0.065625
0 0.01875 0.26640625 0.01640625 0.071875
0 0.040625 0.56953125 0.0234375 0.09140625