0 0.3703125 0.8859375 0.03515625 0.1109375
0 0.5953125 0.534375 0.02109375 0.084375
0 0.553125 0.6359375 0.02890625 0.096875
0 0.365625 0.425 0.02265625 0.06953125
0 0.47578125 0.33359375 0.0125 0.0609375
0 0.3203125 0.3640625 0.01484375 0.0640625
0 0.271875 0.5890625 0.01640625 0.078125
0 0.10703125 0.428125 0.015625 0.0765625
0 0.415625 0.421875 0.021875 0.0734375
0 0.2671875 0.51875 0.01484375 0.0765625
0 0.09609375 0.434375 0.01875 0.07109375
0 0.16953125 0.75390625 0.0234375 0.1
0 0.4609375 0.4046875 0.03125 0.06796875