0 0.37265625 0.678125 0.040625 0.1015625
0 0.725 0.48671875 0.02421875 0.09296875
0 0.1359375 0.290625 0.021875 0.075
0 0.1328125 0.41171875 0.0296875 0.084375
0 0.4984375 0.55234375 0.02421875 0.09609375
0 0.5015625 0.32578125 0.01640625 0.0765625
0 0.5375 0.45234375 0.0171875 0.09296875
0 0.034375 0.428125 0.034375 0.07890625
0 0.95625 0.3875 0.03046875 0.09140625
0 0.3296875 0.30078125 0.015625 0.07109375
0 0.015625 0.5296875 0.03125 0.09609375
0 0.59140625 0.40625 0.01875 0.0875
0 0.57265625 0.35390625 0.0140625 0.08046875
0 0.38359375 0.471875 0.0234375 0.07890625
0 0.3765625 0.34609375 0.0140625 0.08046875
0 0.35 0.4578125 0.02421875 0.0765625
0 0.64375 0.425 0.01484375 0.0890625
0 0.65078125 0.4 0.0203125 0.0890625
0 0.31640625 0.4765625 0.0390625 0.046875
0 0.3109375 0.43984375 0.01640625 0.0734375