0 0.1796875 0.6625 0.021875 0.09453125
0 0.9078125 0.7171875 0.02734375 0.0984375
0 0.11953125 0.47890625 0.0171875 0.08359375
0 0.39140625 0.5171875 0.01875 0.07890625
0 0.403125 0.43203125 0.0140625 0.078125
0 0.93515625 0.61328125 0.0140625 0.09609375
0 0.53046875 0.5609375 0.0140625 0.08046875
0 0.325 0.440625 0.015625 0.078125
0 0.5765625 0.396875 0.0171875 0.0734375
0 0.50390625 0.36171875 0.0171875 0.0625
0 0.7046875 0.36015625 0.01484375 0.065625
0 0.8296875 0.60625 0.01328125 0.090625
0 0.7640625 0.37265625 0.01484375 0.07109375
0 0.8265625 0.46640625 0.01953125 0.08359375
0 0.6375 0.5265625 0.01328125 0.08046875
0 0.3015625 0.3703125 0.015625 0.06796875
0 0.7859375 0.45546875 0.01640625 0.08359375
0 0.6421875 0.3203125 0.0171875 0.05703125
0 0.5296875 0.290625 0.01171875 0.05546875