0 0.7171875 0.53984375 0.021875 0.084375
0 0.603125 0.578125 0.02734375 0.0859375
0 0.5953125 0.640625 0.0328125 0.078125
0 0.6890625 0.33125 0.02109375 0.07109375
0 0.27578125 0.3796875 0.0171875 0.0765625
0 0.25 0.4609375 0.01484375 0.0859375
0 0.778125 0.734375 0.0265625 0.1140625
0 0.3015625 0.5390625 0.01953125 0.0890625
0 0.75 0.75546875 0.02265625 0.10859375
0 0.309375 0.821875 0.01953125 0.115625
0 0.5375 0.33828125 0.02265625 0.0734375
0 0.415625 0.26484375 0.01328125 0.04609375
0 0.54609375 0.2703125 0.015625 0.065625
0 0.5734375 0.259375 0.01640625 0.05859375
0 0.034375 0.25546875 0.01796875 0.06640625
0 0.2765625 0.1875 0.0109375 0.05546875
0 0.6140625 0.3 0.01484375 0.06953125
0 0.6296875 0.2953125 0.01640625 0.059375
0 0.00859375 0.65703125 0.0171875 0.078125