0 0.36640625 0.8359375 0.03125 0.11953125
0 0.6125 0.8234375 0.02734375 0.10859375
0 0.4515625 0.490625 0.02890625 0.08046875
0 0.25390625 0.39609375 0.021875 0.08359375
0 0.7515625 0.52265625 0.015625 0.090625
0 0.303125 0.61015625 0.0171875 0.09296875
0 0.51875 0.353125 0.01953125 0.078125
0 0.365625 0.253125 0.0171875 0.0640625
0 0.5 0.509375 0.015625 0.0859375
0 0.4 0.3875 0.0203125 0.08046875
0 0.27734375 0.28203125 0.0125 0.06640625
0 0.06328125 0.1984375 0.015625 0.05859375
0 0.1078125 0.37890625 0.02109375 0.08359375