0 0.73671875 0.5296875 0.025 0.07109375
0 0.828125 0.44765625 0.02421875 0.065625
0 0.4984375 0.4390625 0.01640625 0.0609375
0 0.40546875 0.68359375 0.0265625 0.08046875
0 0.45390625 0.57734375 0.0265625 0.07109375
0 0.940625 0.68046875 0.0234375 0.078125
0 0.428125 0.48828125 0.03359375 0.065625
0 0.45625 0.50234375 0.03359375 0.06796875
0 0.8109375 0.8578125 0.02421875 0.1015625
0 0.1796875 0.43828125 0.02265625 0.05390625
0 0.53046875 0.61875 0.0171875 0.0734375
0 0.80625 0.7296875 0.01796875 0.09296875
0 0.6640625 0.97890625 0.02421875 0.0390625