0 0.4453125 0.80546875 0.03515625 0.13359375
0 0.09140625 0.403125 0.021875 0.09296875
0 0.58125 0.51015625 0.01953125 0.09609375
0 0.271875 0.32890625 0.01796875 0.078125
0 0.496875 0.40078125 0.01953125 0.0875
0 0.621875 0.3359375 0.01328125 0.08359375
0 0.6453125 0.59921875 0.02265625 0.10703125
0 0.39453125 0.31171875 0.0390625 0.0765625
0 0.8125 0.43359375 0.0265625 0.096875
0 0.503125 0.2765625 0.01953125 0.075
0 0.3234375 0.3890625 0.0203125 0.08046875
0 0.8609375 0.50390625 0.02265625 0.10859375
0 0.44765625 0.240625 0.0171875 0.0765625
0 0.90625 0.48203125 0.0171875 0.103125
0 0.365625 0.3 0.0125 0.075
0 0.921875 0.5453125 0.02109375 0.10703125
0 0.0078125 0.29453125 0.015625 0.0859375