0 0.59375 0.615625 0.02109375 0.05703125
0 0.8921875 0.57265625 0.01484375 0.059375
0 0.2265625 0.709375 0.0171875 0.06640625
0 0.52890625 0.584375 0.0125 0.0625
0 0.36171875 0.53828125 0.0171875 0.0515625
0 0.55625 0.5015625 0.0125 0.053125
0 0.09921875 0.60625 0.0109375 0.05703125
0 0.4734375 0.4421875 0.00859375 0.04296875
0 0.390625 0.428125 0.01328125 0.04609375
0 0.40625 0.3875 0.0109375 0.046875
0 0.16640625 0.553125 0.015625 0.053125
0 0.21640625 0.54140625 0.009375 0.05
0 0.3046875 0.428125 0.01015625 0.04609375
0 0.2140625 0.45859375 0.0109375 0.046875
0 0.19296875 0.44140625 0.0109375 0.046875
0 0.1609375 0.5 0.0125 0.046875
0 0.15 0.534375 0.0109375 0.0515625
0 0.3703125 0.4859375 0.01171875 0.05