0 0.84375 0.85625 0.03984375 0.12890625
0 0.3015625 0.3328125 0.03046875 0.0765625
0 0.70234375 0.3796875 0.0203125 0.09609375
0 0.42890625 0.36171875 0.021875 0.084375
0 0.196875 0.534375 0.0234375 0.09453125
0 0.37265625 0.45703125 0.0265625 0.09140625
0 0.8421875 0.3046875 0.02421875 0.07890625
0 0.0453125 0.37109375 0.02421875 0.09140625
0 0.7546875 0.290625 0.021875 0.0734375
0 0.85 0.528125 0.02421875 0.096875
0 0.9859375 0.534375 0.02421875 0.10390625
0 0.50546875 0.48359375 0.0171875 0.0859375
0 0.53125 0.2859375 0.02890625 0.071875
0 0.5359375 0.246875 0.01796875 0.0640625