0 0.1453125 0.778125 0.028125 0.125
0 0.7484375 0.7828125 0.03359375 0.12109375
0 0.4796875 0.42734375 0.02734375 0.06796875
0 0.759375 0.45625 0.025 0.084375
0 0.8328125 0.3765625 0.0203125 0.08359375
0 0.0546875 0.5171875 0.015625 0.090625
0 0.3953125 0.36640625 0.01640625 0.08046875
0 0.3234375 0.36171875 0.01953125 0.084375
0 0.575 0.2875 0.015625 0.071875
0 0.2875 0.365625 0.01953125 0.08046875
0 0.67734375 0.28125 0.0125 0.06796875
0 0.56171875 0.34921875 0.01875 0.07109375
0 0.17109375 0.484375 0.01875 0.0875
0 0.18125 0.4265625 0.01875 0.08046875
0 0.1984375 0.38828125 0.02109375 0.06796875