0 0.496875 0.59375 0.02265625 0.084375
0 0.51484375 0.88046875 0.0328125 0.1
0 0.2859375 0.5921875 0.01796875 0.0765625
0 0.8390625 0.65 0.0296875 0.0890625
0 0.3625 0.40703125 0.0140625 0.06640625
0 0.575 0.6953125 0.02421875 0.08203125
0 0.6484375 0.56171875 0.02109375 0.0734375
0 0.8703125 0.5109375 0.01796875 0.06640625
0 0.8765625 0.3390625 0.015625 0.053125
0 0.6421875 0.39140625 0.01171875 0.05546875
0 0.7421875 0.35625 0.0109375 0.0515625
0 0.83359375 0.415625 0.0140625 0.0609375
0 0.8125 0.271875 0.00859375 0.046875
0 0.99296875 0.37421875 0.0125 0.04609375