0 0.7015625 0.62109375 0.04609375 0.09140625
0 0.3265625 0.50625 0.02421875 0.084375
0 0.7765625 0.42734375 0.03359375 0.0875
0 0.6125 0.328125 0.02421875 0.075
0 0.49375 0.465625 0.02734375 0.0890625
0 0.43984375 0.3 0.0171875 0.08046875
0 0.215625 0.62265625 0.02109375 0.1015625
0 0.509375 0.265625 0.01953125 0.0734375
0 0.25078125 0.221875 0.01875 0.0625
0 0.17421875 0.63125 0.0234375 0.1125
0 0.1390625 0.16015625 0.015625 0.065625
0 0.5484375 0.25703125 0.01484375 0.06953125
0 0.3296875 0.14921875 0.0125 0.059375
0 0.03671875 0.35625 0.0203125 0.084375
0 0.66328125 0.2671875 0.0171875 0.07109375
0 0.4140625 0.190625 0.01484375 0.05546875