0 0.328125 0.77578125 0.03671875 0.12109375
0 0.5296875 0.77734375 0.03203125 0.12109375
0 0.384375 0.6890625 0.03125 0.10859375
0 0.5734375 0.64140625 0.0265625 0.103125
0 0.69140625 0.396875 0.0171875 0.09140625
0 0.978125 0.459375 0.02109375 0.09140625
0 0.56875 0.465625 0.02265625 0.09296875
0 0.40078125 0.546875 0.01875 0.10703125
0 0.80546875 0.36484375 0.0140625 0.084375
0 0.390625 0.60078125 0.0234375 0.1125
0 0.746875 0.4328125 0.021875 0.090625
0 0.65078125 0.4984375 0.015625 0.09453125
0 0.75234375 0.51953125 0.01875 0.10859375