0 0.2125 0.38203125 0.0203125 0.08046875
0 0.7828125 0.52734375 0.01484375 0.090625
0 0.54296875 0.84921875 0.021875 0.11796875
0 0.3140625 0.615625 0.01640625 0.09609375
0 0.3359375 0.875 0.02578125 0.128125
0 0.53125 0.340625 0.02265625 0.0765625
0 0.3640625 0.2484375 0.01640625 0.06640625
0 0.27265625 0.28125 0.015625 0.06796875
0 0.4140625 0.37265625 0.01796875 0.0765625
0 0.50859375 0.4921875 0.021875 0.084375
0 0.08671875 0.36015625 0.015625 0.0765625
0 0.06953125 0.19765625 0.0125 0.059375