0 0.1828125 0.89140625 0.04140625 0.10859375
0 0.921875 0.4171875 0.0296875 0.0734375
0 0.859375 0.628125 0.0203125 0.090625
0 0.1484375 0.421875 0.0328125 0.06640625
0 0.5078125 0.6609375 0.03359375 0.0859375
0 0.55078125 0.334375 0.021875 0.059375
0 0.1140625 0.48984375 0.02734375 0.059375
0 0.18359375 0.47578125 0.0265625 0.06796875
0 0.2625 0.40078125 0.02109375 0.065625
0 0.378125 0.4890625 0.03046875 0.0609375
0 0.30625 0.35234375 0.01640625 0.07109375
0 0.60859375 0.39453125 0.0171875 0.06953125
0 0.6578125 0.403125 0.01796875 0.06640625
0 0.4484375 0.375 0.02109375 0.0640625
0 0.5734375 0.26953125 0.01640625 0.05546875
0 0.40625 0.271875 0.0140625 0.05546875
0 0.79609375 0.3515625 0.01875 0.06640625
0 0.38125 0.36328125 0.015625 0.065625
0 0.45 0.27109375 0.01171875 0.05546875