0 0.60859375 0.340625 0.0265625 0.0625
0 0.2859375 0.3328125 0.028125 0.06796875
0 0.79296875 0.546875 0.025 0.1015625
0 0.33984375 0.29609375 0.028125 0.06640625
0 0.0234375 0.48828125 0.025 0.09609375
0 0.6921875 0.440625 0.02265625 0.084375
0 0.6046875 0.4484375 0.01953125 0.08046875
0 0.58828125 0.5265625 0.028125 0.08046875
0 0.43828125 0.334375 0.0359375 0.0625
0 0.50625 0.96796875 0.028125 0.0609375
0 0.45078125 0.31953125 0.01875 0.075
0 0.515625 0.45390625 0.01953125 0.08359375
0 0.6171875 0.628125 0.02734375 0.0984375