0 0.1796875 0.61640625 0.01640625 0.09453125
0 0.71328125 0.690625 0.028125 0.09140625
0 0.24765625 0.890625 0.0171875 0.11796875
0 0.40390625 0.5234375 0.0203125 0.08046875
0 0.628125 0.765625 0.02734375 0.103125
0 0.690625 0.3671875 0.0203125 0.07109375
0 0.3953125 0.35859375 0.0140625 0.0609375
0 0.6484375 0.346875 0.01796875 0.0640625
0 0.51015625 0.4109375 0.0171875 0.06953125
0 0.2609375 0.44765625 0.0140625 0.07890625
0 0.74296875 0.3890625 0.0203125 0.075
0 0.8765625 0.3140625 0.01875 0.053125
0 0.8 0.565625 0.01640625 0.08359375
0 0.50625 0.296875 0.01328125 0.05703125
0 0.80625 0.2890625 0.01328125 0.053125