0 0.2203125 0.4015625 0.01484375 0.0859375
0 0.884375 0.39609375 0.01875 0.08359375
0 0.5046875 0.44609375 0.01796875 0.08359375
0 0.7046875 0.74765625 0.025 0.109375
0 0.70078125 0.303125 0.015625 0.06640625
0 0.21875 0.94921875 0.02265625 0.09609375
0 0.5921875 0.4125 0.021875 0.0859375
0 0.8578125 0.50234375 0.0203125 0.0875
0 0.6 0.36015625 0.0140625 0.07890625
0 0.84375 0.5140625 0.0140625 0.0859375
0 0.43203125 0.315625 0.01875 0.065625
0 0.70703125 0.259375 0.015625 0.0625
0 0.159375 0.56171875 0.02109375 0.0984375