0 0.65859375 0.53359375 0.0421875 0.075
0 0.378125 0.43515625 0.02734375 0.084375
0 0.540625 0.44765625 0.01953125 0.06796875
0 0.58125 0.74921875 0.03046875 0.10703125
0 0.2671875 0.33984375 0.01796875 0.07109375
0 0.73359375 0.60859375 0.025 0.08359375
0 0.2765625 0.403125 0.02265625 0.071875
0 0.21875 0.42265625 0.01640625 0.0765625
0 0.346875 0.615625 0.01796875 0.09609375
0 0.55 0.50390625 0.0203125 0.078125
0 0.3328125 0.34296875 0.015625 0.0640625
0 0.34296875 0.3796875 0.021875 0.0765625
0 0.759375 0.58515625 0.03359375 0.07109375
0 0.78359375 0.59453125 0.0296875 0.08359375