0 0.315625 0.75078125 0.0328125 0.0984375
0 0.415625 0.340625 0.02265625 0.05703125
0 0.3078125 0.36796875 0.01640625 0.0640625
0 0.1921875 0.59453125 0.0328125 0.08046875
0 0.0390625 0.37265625 0.015625 0.07109375
0 0.47734375 0.36484375 0.015625 0.0625
0 0.6046875 0.47109375 0.01640625 0.08046875
0 0.21328125 0.5171875 0.0171875 0.07890625
0 0.534375 0.50859375 0.021875 0.08359375
0 0.12578125 0.45 0.0171875 0.08046875
0 0.55 0.44140625 0.01796875 0.09453125
0 0.6515625 0.53671875 0.021875 0.07109375
0 0.34609375 0.4953125 0.0296875 0.06796875
0 0.29921875 0.45859375 0.025 0.08359375
0 0.35625 0.42578125 0.01484375 0.065625
0 0.353125 0.465625 0.0171875 0.065625
0 0.0078125 0.49140625 0.015625 0.08046875