0 0.5640625 0.7015625 0.0296875 0.078125
0 0.3796875 0.5625 0.025 0.078125
0 0.540625 0.5296875 0.02734375 0.07890625
0 0.2421875 0.82734375 0.0203125 0.115625
0 0.0109375 0.296875 0.01953125 0.0734375
0 0.7234375 0.365625 0.015625 0.0765625
0 0.5453125 0.196875 0.01171875 0.05390625
0 0.4171875 0.2421875 0.0140625 0.05703125
0 0.69375 0.36484375 0.021875 0.07890625
0 0.66640625 0.3015625 0.0140625 0.06953125
0 0.446875 0.13046875 0.0109375 0.05
0 0.1171875 0.29609375 0.0171875 0.06640625
0 0.3609375 0.3203125 0.01640625 0.06796875
0 0.75 0.7796875 0.02265625 0.12109375
0 0.2125 0.1421875 0.01328125 0.0515625
0 0.76328125 0.7484375 0.021875 0.1109375
0 0.146875 0.59609375 0.02265625 0.09453125
0 0.45859375 0.31484375 0.01875 0.0734375