0 0.51640625 0.6859375 0.0328125 0.096875
0 0.4265625 0.56875 0.028125 0.090625
0 0.4109375 0.440625 0.0234375 0.0734375
0 0.5515625 0.5578125 0.0265625 0.08203125
0 0.125 0.415625 0.025 0.0734375
0 0.22109375 0.45859375 0.015625 0.078125
0 0.60390625 0.525 0.025 0.08359375
0 0.28125 0.38046875 0.02578125 0.0640625
0 0.65 0.53671875 0.01953125 0.05390625
0 0.2578125 0.40078125 0.02265625 0.07890625
0 0.153125 0.63828125 0.03046875 0.0984375
0 0.34140625 0.40390625 0.0171875 0.078125
0 0.3203125 0.42421875 0.01328125 0.07890625
0 0.29375 0.44921875 0.02265625 0.0875