0 0.596875 0.72109375 0.04140625 0.1109375
0 0.240625 0.22265625 0.01953125 0.0734375
0 0.4 0.45 0.02578125 0.075
0 0.83359375 0.57421875 0.0203125 0.10390625
0 0.1109375 0.353125 0.0265625 0.078125
0 0.85859375 0.33203125 0.01875 0.0609375
0 0.1453125 0.359375 0.01796875 0.0734375
0 0.3484375 0.29453125 0.01953125 0.078125
0 0.11875 0.61484375 0.02890625 0.0984375
0 0.7125 0.3375 0.01796875 0.08046875
0 0.965625 0.22734375 0.01484375 0.07109375
0 0.353125 0.15625 0.01484375 0.0625
0 0.7234375 0.1671875 0.01328125 0.0625
0 0.659375 0.2296875 0.01953125 0.07109375
0 0.3140625 0.1953125 0.01796875 0.0625
0 0.553125 0.23828125 0.015625 0.07109375
0 0.5171875 0.103125 0.0125 0.0515625
0 0.56484375 0.1625 0.015625 0.05546875
0 0.3328125 0.834375 0.03828125 0.11640625