0 0.6375 0.7078125 0.0390625 0.1015625
0 0.5234375 0.29765625 0.01796875 0.06796875
0 0.7578125 0.19609375 0.021875 0.0609375
0 0.9140625 0.328125 0.0265625 0.078125
0 0.940625 0.4265625 0.03515625 0.09140625
0 0.33125 0.5390625 0.02578125 0.09140625
0 0.71171875 0.828125 0.0296875 0.09609375
0 0.01953125 0.25 0.03125 0.075
0 0.24921875 0.3203125 0.0203125 0.0734375
0 0.5484375 0.184375 0.0140625 0.05703125
0 0.0640625 0.45703125 0.034375 0.0859375
0 0.84375 0.328125 0.028125 0.071875
0 0.7 0.15859375 0.01171875 0.0609375
0 0.3140625 0.1828125 0.01640625 0.0515625
0 0.6703125 0.4453125 0.0203125 0.08203125
0 0.43203125 0.0828125 0.015625 0.05390625
0 0.6828125 0.48359375 0.0203125 0.0890625
0 0.0390625 0.6875 0.02109375 0.1140625