0 0.51640625 0.3484375 0.0171875 0.0609375
0 0.171875 0.3671875 0.01484375 0.065625
0 0.3125 0.346875 0.02421875 0.05703125
0 0.25546875 0.353125 0.01875 0.06796875
0 0.65546875 0.44453125 0.0125 0.08046875
0 0.24140625 0.50234375 0.015625 0.0765625
0 0.8140625 0.58125 0.01484375 0.090625
0 0.1046875 0.53828125 0.02578125 0.0875
0 0.0828125 0.484375 0.021875 0.0859375
0 0.7 0.46015625 0.015625 0.0765625
0 0.9546875 0.81640625 0.02734375 0.1140625
0 0.596875 0.5796875 0.0171875 0.084375
0 0.38046875 0.48046875 0.015625 0.078125
0 0.36171875 0.27265625 0.0125 0.05390625
0 0.18046875 0.453125 0.0125 0.075
0 0.5625 0.4390625 0.01484375 0.08046875
0 0.5546875 0.40703125 0.01171875 0.078125
0 0.365625 0.41171875 0.01796875 0.0734375