0 0.228125 0.4078125 0.01953125 0.059375
0 0.128125 0.66796875 0.02265625 0.103125
0 0.68203125 0.596875 0.0171875 0.084375
0 0.25859375 0.35703125 0.015625 0.06640625
0 0.56015625 0.45625 0.015625 0.0734375
0 0.6578125 0.38203125 0.01328125 0.06953125
0 0.02578125 0.48359375 0.01875 0.0859375
0 0.7 0.43125 0.0171875 0.0765625
0 0.1640625 0.3046875 0.01953125 0.0515625
0 0.45078125 0.47109375 0.0171875 0.08046875
0 0.73203125 0.4375 0.015625 0.075
0 0.1203125 0.34375 0.01328125 0.065625
0 0.83359375 0.5421875 0.0140625 0.0875
0 0.7578125 0.56328125 0.01875 0.084375
0 0.26640625 0.49375 0.0171875 0.07890625
0 0.32734375 0.284375 0.0171875 0.0484375
0 0.4421875 0.36328125 0.01484375 0.07109375
0 0.30078125 0.2625 0.0140625 0.05546875
0 0.3359375 0.26875 0.0140625 0.040625