0 0.24921875 0.34296875 0.0234375 0.06640625
0 0.6515625 0.48203125 0.02109375 0.075
0 0.6171875 0.70546875 0.02109375 0.09453125
0 0.875 0.51015625 0.02421875 0.08203125
0 0.36640625 0.62578125 0.01875 0.07890625
0 0.0390625 0.44375 0.0328125 0.07890625
0 0.3046875 0.48828125 0.01796875 0.0734375
0 0.9609375 0.61796875 0.03125 0.09140625
0 0.825 0.38828125 0.02265625 0.06796875
0 0.484375 0.884375 0.02578125 0.11953125
0 0.56484375 0.37265625 0.0140625 0.06796875
0 0.03515625 0.61171875 0.0265625 0.090625
0 0.63359375 0.3234375 0.0203125 0.05859375
0 0.54375 0.271875 0.02109375 0.0484375
0 0.8921875 0.49921875 0.021875 0.084375
0 0.69375 0.315625 0.01484375 0.05703125
0 0.36875 0.3625 0.0203125 0.0609375
0 0.571875 0.290625 0.0109375 0.05546875
0 0.3765625 0.4 0.01796875 0.06640625