0 0.8234375 0.52265625 0.0171875 0.09296875
0 0.0921875 0.68125 0.0171875 0.10703125
0 0.6953125 0.7140625 0.02578125 0.1140625
0 0.70625 0.3390625 0.01796875 0.075
0 0.37734375 0.31484375 0.0140625 0.06796875
0 0.54765625 0.35078125 0.0203125 0.06796875
0 0.096875 0.42734375 0.01640625 0.0875
0 0.5171875 0.4625 0.01953125 0.0890625
0 0.134375 0.46640625 0.01640625 0.078125
0 0.5609375 0.31796875 0.02109375 0.078125
0 0.04375 0.315625 0.015625 0.071875
0 0.13828125 0.2546875 0.021875 0.065625
0 0.1625 0.28359375 0.01484375 0.06640625
0 0.1734375 0.32109375 0.0171875 0.075