0 0.475 0.51640625 0.03515625 0.1109375
0 0.10546875 0.3546875 0.0234375 0.084375
0 0.5609375 0.41171875 0.02109375 0.0875
0 0.3984375 0.46640625 0.02578125 0.096875
0 0.33984375 0.37578125 0.0265625 0.0734375
0 0.334375 0.703125 0.0234375 0.1234375
0 0.4078125 0.33046875 0.02890625 0.06640625
0 0.5828125 0.52265625 0.02109375 0.10390625
0 0.3859375 0.31484375 0.02265625 0.07890625
0 0.54453125 0.4796875 0.0234375 0.09609375
0 0.75703125 0.53515625 0.025 0.1125
0 0.30703125 0.36328125 0.0328125 0.06796875
0 0.3078125 0.30546875 0.0171875 0.08046875
0 0.7359375 0.490625 0.0234375 0.10546875
0 0.6453125 0.50390625 0.021875 0.103125
0 0.66953125 0.478125 0.021875 0.103125
0 0.65859375 0.446875 0.01875 0.10703125