0 0.30625 0.82265625 0.053125 0.1265625
0 0.3578125 0.7375 0.03984375 0.125
0 0.0703125 0.14609375 0.02578125 0.08046875
0 0.875 0.328125 0.02578125 0.09609375
0 0.6296875 0.1859375 0.02109375 0.08046875
0 0.45078125 0.17578125 0.025 0.0734375
0 0.7140625 0.23203125 0.01640625 0.0890625
0 0.56015625 0.240625 0.0203125 0.09140625
0 0.08671875 0.35546875 0.0359375 0.10546875
0 0.909375 0.4625 0.0234375 0.096875
0 0.59921875 0.19921875 0.015625 0.084375
0 0.1015625 0.23046875 0.02109375 0.0859375
0 0.84375 0.4296875 0.01953125 0.1015625
0 0.4390625 0.1375 0.01640625 0.071875
0 0.53203125 0.1390625 0.0265625 0.08046875
0 0.746875 0.3109375 0.02734375 0.1