0 0.790625 0.78046875 0.0421875 0.1140625
0 0.621875 0.57734375 0.0203125 0.084375
0 0.378125 0.54375 0.01953125 0.090625
0 0.8140625 0.64140625 0.02421875 0.08046875
0 0.565625 0.63671875 0.02734375 0.090625
0 0.109375 0.68046875 0.02109375 0.103125
0 0.7421875 0.44296875 0.01796875 0.08359375
0 0.0578125 0.51328125 0.021875 0.09609375
0 0.4 0.296875 0.01171875 0.0609375
0 0.30625 0.3609375 0.01484375 0.075
0 0.4875 0.25625 0.01328125 0.0625
0 0.16171875 0.2375 0.015625 0.0640625
0 0.5078125 0.37734375 0.0171875 0.07890625
0 0.228125 0.43203125 0.01640625 0.08046875
0 0.646875 0.35859375 0.01796875 0.075
0 0.58125 0.3296875 0.015625 0.07109375
0 0.6546875 0.43828125 0.01328125 0.0734375
0 0.52890625 0.2734375 0.0125 0.0609375
0 0.596875 0.32265625 0.01484375 0.06796875