0 0.35625 0.56953125 0.02734375 0.0859375
0 0.25 0.421875 0.02421875 0.06953125
0 0.128125 0.278125 0.02265625 0.0515625
0 0.8421875 0.7 0.03515625 0.0890625
0 0.6296875 0.51328125 0.03125 0.07890625
0 0.421875 0.415625 0.02734375 0.06640625
0 0.31015625 0.378125 0.0234375 0.05859375
0 0.646875 0.6765625 0.02734375 0.0890625
0 0.0640625 0.35390625 0.0234375 0.0609375
0 0.3421875 0.3640625 0.0234375 0.0609375
0 0.1640625 0.65078125 0.03203125 0.08203125
0 0.0578125 0.7890625 0.02890625 0.10546875
0 0.234375 0.3109375 0.01640625 0.05546875
0 0.4421875 0.38828125 0.015625 0.065625