0 0.2359375 0.38125 0.02421875 0.059375
0 0.1140625 0.696875 0.02578125 0.1125
0 0.40078125 0.515625 0.0203125 0.084375
0 0.4875 0.40546875 0.01796875 0.078125
0 0.471875 0.590625 0.01875 0.084375
0 0.353125 0.59765625 0.0203125 0.09609375
0 0.2515625 0.51953125 0.01796875 0.09140625
0 0.63359375 0.36328125 0.0171875 0.07109375
0 0.9265625 0.546875 0.02890625 0.09296875
0 0.85625 0.465625 0.01484375 0.08359375
0 0.39453125 0.3203125 0.0203125 0.0625
0 0.6625 0.53359375 0.015625 0.0859375
0 0.8796875 0.5484375 0.01953125 0.096875
0 0.8640625 0.6703125 0.02578125 0.09609375
0 0.409375 0.384375 0.01640625 0.07890625
0 0.4109375 0.33359375 0.0140625 0.04453125
0 0.99375 0.621875 0.01015625 0.1