0 0.034375 0.39296875 0.034375 0.1140625
0 0.16953125 0.628125 0.0359375 0.13359375
0 0.28203125 0.7859375 0.0359375 0.128125
0 0.36875 0.4265625 0.025 0.09140625
0 0.39453125 0.43203125 0.0296875 0.096875
0 0.45546875 0.2984375 0.0171875 0.06953125
0 0.5375 0.21640625 0.025 0.05546875
0 0.496875 0.34453125 0.01875 0.0890625
0 0.584375 0.3765625 0.021875 0.096875
0 0.578125 0.5875 0.028125 0.096875
0 0.621875 0.67109375 0.021875 0.10859375
0 0.64140625 0.72890625 0.0265625 0.14140625
0 0.68984375 0.29140625 0.0203125 0.0609375
0 0.75 0.425 0.028125 0.08359375
0 0.75234375 0.36796875 0.0234375 0.09140625
0 0.73359375 0.559375 0.0296875 0.1140625
0 0.7875 0.38046875 0.028125 0.10546875
0 0.884375 0.48046875 0.021875 0.1
0 0.9234375 0.8375 0.05 0.13046875