0 0.05625 0.66796875 0.015625 0.09140625
0 0.1265625 0.525 0.0125 0.078125
0 0.1703125 0.4640625 0.009375 0.05546875
0 0.2171875 0.4109375 0.015625 0.05546875
0 0.296875 0.475 0.015625 0.05
0 0.28125 0.540625 0.015625 0.0640625
0 0.3296875 0.428125 0.015625 0.05546875
0 0.36875 0.559375 0.015625 0.075
0 0.3484375 0.65390625 0.01875 0.0859375
0 0.4984375 0.775 0.025 0.10546875
0 0.48359375 0.5234375 0.0171875 0.0640625
0 0.49296875 0.4625 0.0109375 0.0640625
0 0.50390625 0.4515625 0.0109375 0.04140625
0 0.5 0.415625 0.01875 0.053125
0 0.4984375 0.3765625 0.0125 0.04140625
0 0.65078125 0.49609375 0.0203125 0.0640625
0 0.6296875 0.54609375 0.015625 0.0640625
0 0.790625 0.48359375 0.01875 0.078125
0 0.86796875 0.575 0.0171875 0.0890625
0 0.8234375 0.63046875 0.021875 0.071875