0 0.00859375 0.459375 0.0171875 0.10859375
0 0.04375 0.509375 0.021875 0.11953125
0 0.14921875 0.625 0.0421875 0.128125
0 0.1671875 0.428125 0.028125 0.09453125
0 0.13515625 0.165625 0.0234375 0.06953125
0 0.29375 0.23203125 0.021875 0.075
0 0.34140625 0.396875 0.0234375 0.1109375
0 0.29296875 0.5734375 0.0390625 0.11953125
0 0.48359375 0.578125 0.0390625 0.10546875
0 0.66640625 0.80390625 0.0453125 0.14140625
0 0.646875 0.5234375 0.034375 0.1140625
0 0.7828125 0.63359375 0.04375 0.128125
0 0.75 0.396875 0.034375 0.1
0 0.73125 0.315625 0.028125 0.08046875
0 0.66015625 0.346875 0.0296875 0.10546875
0 0.58984375 0.290625 0.0234375 0.09140625
0 0.60078125 0.2390625 0.0328125 0.078125
0 0.48203125 0.20703125 0.0234375 0.08046875
0 0.4109375 0.1734375 0.021875 0.08046875