0 0.18046875 0.4 0.0203125 0.10546875
0 0.31015625 0.2859375 0.0296875 0.08359375
0 0.3484375 0.28046875 0.021875 0.071875
0 0.19375 0.5234375 0.03125 0.1140625
0 0.2421875 0.525 0.03125 0.121875
0 0.14375 0.73203125 0.040625 0.15859375
0 0.60625 0.35546875 0.021875 0.09453125
0 0.575 0.45546875 0.028125 0.10546875
0 0.6671875 0.3609375 0.034375 0.121875
0 0.7703125 0.30703125 0.0375 0.10859375
0 0.7203125 0.4640625 0.034375 0.121875
0 0.8984375 0.6359375 0.05625 0.15
0 0.8859375 0.771875 0.05625 0.15