0 0.1484375 0.46796875 0.01875 0.08046875
0 0.25546875 0.5625 0.0265625 0.09140625
0 0.4671875 0.35859375 0.025 0.071875
0 0.40234375 0.5640625 0.0296875 0.09453125
0 0.4828125 0.440625 0.01875 0.075
0 0.56640625 0.62890625 0.0328125 0.09140625
0 0.5515625 0.75390625 0.028125 0.11953125
0 0.57421875 0.765625 0.0234375 0.11953125
0 0.6234375 0.565625 0.021875 0.075
0 0.64921875 0.625 0.0171875 0.10546875
0 0.61171875 0.45859375 0.0234375 0.1
0 0.62109375 0.33203125 0.0234375 0.09140625
0 0.6765625 0.534375 0.028125 0.0859375
0 0.83125 0.41953125 0.028125 0.0890625
0 0.78828125 0.615625 0.0265625 0.103125
0 0.9078125 0.515625 0.028125 0.096875
0 0.946875 0.509375 0.03125 0.10859375