0 0.0078125 0.25390625 0.015625 0.06953125
0 0.046875 0.6109375 0.034375 0.128125
0 0.12265625 0.446875 0.0296875 0.10546875
0 0.4015625 0.70703125 0.0375 0.153125
0 0.54765625 0.8015625 0.0359375 0.16953125
0 0.3171875 0.26640625 0.021875 0.078125
0 0.309375 0.225 0.021875 0.071875
0 0.4875 0.4375 0.028125 0.10859375
0 0.52265625 0.425 0.0265625 0.1109375
0 0.55703125 0.3375 0.0296875 0.10859375
0 0.6125 0.365625 0.0375 0.103125
0 0.75546875 0.278125 0.0296875 0.08359375
0 0.75625 0.3640625 0.021875 0.10546875