0 0.034375 0.4515625 0.021875 0.075
0 0.03046875 0.39609375 0.0234375 0.0640625
0 0.06015625 0.340625 0.0296875 0.06953125
0 0.13203125 0.30703125 0.0203125 0.046875
0 0.17890625 0.546875 0.0234375 0.08359375
0 0.353125 0.6734375 0.021875 0.0859375
0 0.3625 0.584375 0.025 0.103125
0 0.2328125 0.45390625 0.021875 0.08046875
0 0.2640625 0.37109375 0.01875 0.0640625
0 0.29140625 0.36640625 0.0234375 0.08359375
0 0.31640625 0.4234375 0.0203125 0.08046875
0 0.4078125 0.3 0.0125 0.05546875
0 0.41328125 0.3234375 0.0171875 0.046875
0 0.5765625 0.34609375 0.021875 0.06953125
0 0.6203125 0.3625 0.021875 0.053125
0 0.66640625 0.46796875 0.0171875 0.08046875
0 0.97578125 0.51640625 0.0203125 0.1