0 0.0734375 0.53046875 0.021875 0.09453125
0 0.23203125 0.37890625 0.0296875 0.08046875
0 0.26015625 0.30390625 0.0109375 0.06953125
0 0.28671875 0.28203125 0.0140625 0.05859375
0 0.3234375 0.24453125 0.021875 0.071875
0 0.3609375 0.21796875 0.015625 0.05859375
0 0.43046875 0.28046875 0.0203125 0.071875
0 0.3859375 0.30546875 0.015625 0.06640625
0 0.37890625 0.35 0.0203125 0.06640625
0 0.44609375 0.39140625 0.0296875 0.1
0 0.409375 0.534375 0.01875 0.1140625
0 0.38515625 0.646875 0.0390625 0.121875
0 0.53984375 0.2640625 0.0203125 0.0609375
0 0.653125 0.24609375 0.01875 0.05859375
0 0.7921875 0.3375 0.040625 0.103125
0 0.578125 0.328125 0.01875 0.0890625
0 0.61484375 0.3890625 0.0265625 0.08359375
0 0.709375 0.43046875 0.028125 0.09453125
0 0.978125 0.553125 0.021875 0.121875