0 0.03984375 0.38203125 0.0265625 0.09140625
0 0.1484375 0.56953125 0.0375 0.1109375
0 0.24453125 0.48046875 0.0296875 0.1
0 0.37421875 0.33359375 0.0296875 0.09453125
0 0.32578125 0.65546875 0.0296875 0.1109375
0 0.45078125 0.5890625 0.0234375 0.1109375
0 0.5890625 0.4765625 0.021875 0.09140625
0 0.609375 0.459375 0.025 0.10859375
0 0.628125 0.28046875 0.025 0.078125
0 0.66171875 0.2015625 0.0140625 0.0640625
0 0.67265625 0.284375 0.0359375 0.08046875
0 0.75 0.29296875 0.025 0.08046875
0 0.80390625 0.37890625 0.0296875 0.11953125
0 0.878125 0.375 0.0375 0.09453125
0 0.95859375 0.4640625 0.0296875 0.121875
0 0.67734375 0.6234375 0.0453125 0.13046875
0 0.825 0.540625 0.021875 0.10859375
0 0.83203125 0.59453125 0.0234375 0.10546875
0 0.7796875 0.8875 0.0375 0.1640625