0 0.14375 0.6140625 0.028125 0.1
0 0.175 0.51796875 0.028125 0.09140625
0 0.28046875 0.359375 0.0265625 0.0640625
0 0.28125 0.42109375 0.03125 0.06953125
0 0.26484375 0.5484375 0.0203125 0.09140625
0 0.35234375 0.3484375 0.0234375 0.0640625
0 0.36953125 0.43046875 0.0296875 0.0890625
0 0.58359375 0.340625 0.0140625 0.0640625
0 0.59609375 0.38046875 0.0234375 0.05546875
0 0.55703125 0.50546875 0.0296875 0.08359375
0 0.65703125 0.3265625 0.0171875 0.0640625
0 0.6765625 0.390625 0.01875 0.06953125
0 0.70390625 0.4890625 0.0265625 0.08359375
0 0.76875 0.65 0.0375 0.1109375
0 0.7875 0.3609375 0.03125 0.078125
0 0.90703125 0.37109375 0.0359375 0.08046875
0 0.94296875 0.45703125 0.0203125 0.096875