0 0.0703125 0.83046875 0.040625 0.18359375
0 0.16171875 0.628125 0.0421875 0.10546875
0 0.1796875 0.52109375 0.034375 0.10859375
0 0.221875 0.39453125 0.034375 0.09453125
0 0.3296875 0.296875 0.0375 0.09453125
0 0.346875 0.2734375 0.03125 0.06953125
0 0.48203125 0.2734375 0.0234375 0.08046875
0 0.5109375 0.271875 0.021875 0.10546875
0 0.5375 0.25 0.0375 0.0609375
0 0.65234375 0.278125 0.0234375 0.0890625
0 0.61015625 0.39453125 0.0296875 0.0890625
0 0.59375 0.6015625 0.028125 0.11953125
0 0.696875 0.26640625 0.021875 0.08359375
0 0.82265625 0.28359375 0.0234375 0.0890625
0 0.77890625 0.39140625 0.0296875 0.10546875