0 0.13046875 0.6625 0.02890625 0.11953125
0 0.084375 0.81796875 0.02421875 0.13984375
0 0.31640625 0.51875 0.01953125 0.06796875
0 0.315625 0.56484375 0.02109375 0.08515625
0 0.35078125 0.52109375 0.02421875 0.09296875
0 0.3625 0.61484375 0.02265625 0.11484375
0 0.39765625 0.60703125 0.03203125 0.11953125
0 0.47734375 0.52109375 0.028125 0.071875
0 0.47890625 0.56875 0.02421875 0.08671875
0 0.5640625 0.38671875 0.02421875 0.08984375
0 0.64921875 0.36796875 0.02890625 0.08203125
0 0.61328125 0.50546875 0.02890625 0.10703125
0 0.7953125 0.60546875 0.03046875 0.125
0 0.9546875 0.765625 0.03515625 0.13515625