0 0.0171875 0.72890625 0.0234375 0.1484375
0 0.18046875 0.61640625 0.028125 0.12578125
0 0.33515625 0.54609375 0.034375 0.10078125
0 0.35859375 0.46875 0.03125 0.10390625
0 0.41796875 0.40625 0.0265625 0.11484375
0 0.4796875 0.37265625 0.0203125 0.0859375
0 0.596875 0.3515625 0.028125 0.08359375
0 0.53125 0.428125 0.0234375 0.096875
0 0.50546875 0.64609375 0.03125 0.11796875
0 0.5734375 0.52578125 0.025 0.12890625
0 0.71328125 0.41796875 0.01875 0.10390625
0 0.73046875 0.428125 0.025 0.09140625
0 0.74140625 0.52265625 0.0234375 0.10078125
0 0.934375 0.41171875 0.025 0.0859375
0 0.9671875 0.6375 0.0296875 0.11796875