0 0.08046875 0.640625 0.03359375 0.121875
0 0.1546875 0.5203125 0.02890625 0.1015625
0 0.15859375 0.5953125 0.02265625 0.08515625
0 0.27734375 0.4671875 0.03515625 0.11015625
0 0.38515625 0.490625 0.03046875 0.11171875
0 0.34140625 0.59609375 0.025 0.128125
0 0.3640625 0.60546875 0.025 0.11015625
0 0.56328125 0.4234375 0.0140625 0.08203125
0 0.56875 0.39609375 0.01953125 0.096875
0 0.5875 0.37421875 0.02265625 0.075
0 0.6140625 0.38203125 0.028125 0.06953125
0 0.61875 0.4765625 0.02421875 0.1
0 0.4671875 0.71640625 0.03046875 0.13203125
0 0.63046875 0.65390625 0.028125 0.11796875
0 0.61953125 0.83515625 0.02890625 0.11484375
0 0.79296875 0.828125 0.03671875 0.16015625