0 0.078125 0.39609375 0.028125 0.096875
0 0.05625 0.453125 0.028125 0.0890625
0 0.08046875 0.696875 0.0359375 0.128125
0 0.1625 0.5015625 0.053125 0.103125
0 0.2296875 0.59453125 0.025 0.11640625
0 0.33828125 0.3765625 0.0265625 0.096875
0 0.4546875 0.37890625 0.01875 0.0859375
0 0.4859375 0.325 0.025 0.09453125
0 0.528125 0.334375 0.021875 0.0640625
0 0.54609375 0.39609375 0.0140625 0.075
0 0.5078125 0.46953125 0.021875 0.078125
0 0.559375 0.50546875 0.028125 0.121875
0 0.58984375 0.3890625 0.0296875 0.0890625
0 0.6625 0.378125 0.021875 0.071875
0 0.73203125 0.4515625 0.0296875 0.08046875
0 0.72265625 0.5375 0.0359375 0.075
0 0.80078125 0.5515625 0.0328125 0.103125