0 0.05703125 0.4921875 0.025 0.1046875
0 0.08828125 0.55078125 0.02109375 0.09296875
0 0.10078125 0.459375 0.02109375 0.08984375
0 0.18515625 0.52421875 0.028125 0.075
0 0.215625 0.38671875 0.0265625 0.0796875
0 0.28671875 0.3734375 0.028125 0.09296875
0 0.2921875 0.49296875 0.02265625 0.1
0 0.33984375 0.59609375 0.02421875 0.096875
0 0.36953125 0.6 0.02109375 0.08515625
0 0.4890625 0.41640625 0.0265625 0.08203125
0 0.57109375 0.4421875 0.02109375 0.06953125
0 0.61171875 0.45703125 0.02890625 0.0796875
0 0.4921875 0.5640625 0.0265625 0.071875
0 0.6234375 0.6140625 0.03046875 0.09296875
0 0.66953125 0.5859375 0.02890625 0.096875
0 0.696875 0.528125 0.025 0.096875
0 0.74375 0.4015625 0.02265625 0.1
0 0.91953125 0.57890625 0.028125 0.121875