0 0.253125 0.64140625 0.015625 0.1
0 0.37578125 0.44296875 0.0140625 0.075
0 0.3515625 0.30703125 0.015625 0.0640625
0 0.43515625 0.35390625 0.0234375 0.06953125
0 0.3921875 0.47890625 0.021875 0.05859375
0 0.41640625 0.7015625 0.0234375 0.0859375
0 0.4890625 0.63046875 0.021875 0.0890625
0 0.5140625 0.7390625 0.0375 0.1
0 0.52421875 0.646875 0.0265625 0.09453125
0 0.4859375 0.49609375 0.025 0.075
0 0.4953125 0.403125 0.015625 0.05
0 0.57265625 0.4484375 0.0234375 0.06953125
0 0.53125 0.54453125 0.025 0.078125
0 0.609375 0.496875 0.01875 0.078125
0 0.70390625 0.53203125 0.0203125 0.075
0 0.7734375 0.76796875 0.034375 0.125
0 0.82109375 0.6890625 0.0328125 0.10546875