0 0.48203125 0.36796875 0.02890625 0.08671875
0 0.590625 0.3703125 0.0265625 0.121875
0 0.45703125 0.421875 0.02421875 0.11015625
0 0.47734375 0.4828125 0.025 0.11171875
0 0.34140625 0.49453125 0.01953125 0.11484375
0 0.31015625 0.5296875 0.02109375 0.13515625
0 0.1953125 0.63203125 0.0265625 0.15
0 0.22890625 0.68203125 0.03046875 0.16484375
0 0.36171875 0.55546875 0.03203125 0.125
0 0.40625 0.63515625 0.025 0.1296875
0 0.4515625 0.6328125 0.0421875 0.16015625
0 0.565625 0.70390625 0.03359375 0.153125
0 0.66484375 0.6765625 0.04296875 0.16171875
0 0.85 0.78515625 0.0546875 0.18515625