0 0.103125 0.6375 0.040625 0.1359375
0 0.11171875 0.81953125 0.0421875 0.1609375
0 0.19609375 0.4015625 0.0296875 0.103125
0 0.24375 0.39296875 0.021875 0.103125
0 0.36796875 0.303125 0.0296875 0.09453125
0 0.4640625 0.2375 0.021875 0.0859375
0 0.4765625 0.171875 0.03125 0.078125
0 0.46484375 0.33203125 0.0359375 0.096875
0 0.4125 0.628125 0.040625 0.15
0 0.5890625 0.57890625 0.021875 0.09140625
0 0.66796875 0.55859375 0.0234375 0.1
0 0.678125 0.75390625 0.040625 0.10859375
0 0.6890625 0.84453125 0.04375 0.1109375
0 0.821875 0.7484375 0.034375 0.1359375
0 0.634375 0.253125 0.021875 0.078125
0 0.64453125 0.33203125 0.0171875 0.08046875
0 0.70234375 0.328125 0.0203125 0.0890625
0 0.72734375 0.30859375 0.0203125 0.1
0 0.81640625 0.4140625 0.0296875 0.1109375