0 0.17890625 0.5734375 0.0328125 0.1359375
0 0.2578125 0.4515625 0.025 0.103125
0 0.29296875 0.5875 0.0328125 0.1359375
0 0.3640625 0.434375 0.021875 0.096875
0 0.378125 0.4265625 0.021875 0.096875
0 0.39609375 0.4 0.0203125 0.0890625
0 0.38984375 0.3625 0.0234375 0.09140625
0 0.5609375 0.31953125 0.025 0.09453125
0 0.55390625 0.390625 0.0265625 0.10859375
0 0.59140625 0.8015625 0.0453125 0.146875
0 0.65390625 0.31796875 0.0234375 0.09140625
0 0.69765625 0.3734375 0.0296875 0.096875
0 0.7359375 0.36796875 0.034375 0.08046875
0 0.72421875 0.403125 0.0140625 0.06640625
0 0.73046875 0.45 0.0265625 0.1109375
0 0.78984375 0.3765625 0.0296875 0.1140625
0 0.959375 0.409375 0.034375 0.10859375
0 0.93125 0.759375 0.0375 0.1640625