0 0.18828125 0.6875 0.0234375 0.08046875
0 0.29296875 0.86953125 0.0421875 0.08359375
0 0.34140625 0.7390625 0.0296875 0.0890625
0 0.2359375 0.56640625 0.01875 0.0609375
0 0.2546875 0.59140625 0.01875 0.078125
0 0.31953125 0.61953125 0.0296875 0.06640625
0 0.353125 0.478125 0.021875 0.06640625
0 0.38984375 0.47890625 0.0171875 0.05859375
0 0.39921875 0.4375 0.0234375 0.0640625
0 0.4484375 0.55859375 0.021875 0.05
0 0.5921875 0.41953125 0.0125 0.05
0 0.5234375 0.578125 0.021875 0.078125
0 0.584375 0.5765625 0.025 0.06953125
0 0.59140625 0.6625 0.0328125 0.075
0 0.65625 0.65 0.034375 0.071875
0 0.69921875 0.6125 0.0265625 0.075
0 0.82265625 0.728125 0.0328125 0.08359375
0 0.79921875 0.5125 0.0140625 0.0640625
0 0.77109375 0.378125 0.0234375 0.05546875
0 0.9359375 0.51640625 0.01875 0.06640625