0 0.09140625 0.453125 0.0296875 0.08359375
0 0.1265625 0.8109375 0.0625 0.14453125
0 0.19375 0.33359375 0.025 0.1
0 0.26484375 0.35859375 0.0296875 0.09453125
0 0.3578125 0.4 0.025 0.0890625
0 0.38984375 0.50390625 0.0390625 0.10859375
0 0.36484375 0.6609375 0.0359375 0.13359375
0 0.44921875 0.6140625 0.0328125 0.121875
0 0.4671875 0.4734375 0.021875 0.08046875
0 0.48046875 0.425 0.0265625 0.1
0 0.5203125 0.43359375 0.021875 0.10546875
0 0.575 0.453125 0.03125 0.0890625
0 0.515625 0.5984375 0.040625 0.10859375
0 0.74921875 0.64296875 0.0296875 0.13046875
0 0.57890625 0.753125 0.0296875 0.15
0 0.67421875 0.7734375 0.0296875 0.125
0 0.928125 0.80703125 0.034375 0.175