0 0.021875 0.78203125 0.0265625 0.12578125
0 0.0734375 0.48125 0.034375 0.11796875
0 0.121875 0.4375 0.0203125 0.08046875
0 0.14609375 0.41875 0.021875 0.10625
0 0.16640625 0.41953125 0.025 0.09140625
0 0.3171875 0.3421875 0.0265625 0.08046875
0 0.29296875 0.53515625 0.025 0.1203125
0 0.3328125 0.428125 0.0234375 0.08046875
0 0.31796875 0.59140625 0.025 0.109375
0 0.3640625 0.540625 0.0296875 0.10390625
0 0.49140625 0.4640625 0.01875 0.08359375
0 0.53828125 0.44921875 0.025 0.109375
0 0.73125 0.51875 0.0296875 0.109375
0 0.64375 0.7203125 0.0296875 0.10390625
0 0.77734375 0.51328125 0.0234375 0.1203125
0 0.98125 0.71328125 0.0296875 0.11171875