0 0.0234375 0.55078125 0.0140625 0.09296875
0 0.0515625 0.5109375 0.01953125 0.071875
0 0.065625 0.48671875 0.02265625 0.0796875
0 0.1359375 0.47109375 0.01953125 0.06796875
0 0.1578125 0.48203125 0.01953125 0.08984375
0 0.18671875 0.4984375 0.0140625 0.0765625
0 0.1921875 0.52578125 0.01953125 0.06171875
0 0.21953125 0.45625 0.01640625 0.06171875
0 0.27265625 0.45 0.01640625 0.06484375
0 0.259375 0.53203125 0.02109375 0.06953125
0 0.3515625 0.46953125 0.01640625 0.08515625
0 0.31875 0.63125 0.01484375 0.08203125
0 0.4640625 0.68046875 0.01796875 0.08515625
0 0.54140625 0.54453125 0.01640625 0.075
0 0.5625 0.4640625 0.02109375 0.075
0 0.6140625 0.4859375 0.028125 0.0765625