0 0.08359375 0.4234375 0.028125 0.08671875
0 0.03515625 0.5625 0.03515625 0.11953125
0 0.09453125 0.753125 0.04453125 0.11484375
0 0.25546875 0.48203125 0.02265625 0.1
0 0.3109375 0.33671875 0.0265625 0.1
0 0.45625 0.43671875 0.01796875 0.08984375
0 0.4171875 0.6296875 0.01953125 0.11484375
0 0.43515625 0.63046875 0.02421875 0.1046875
0 0.509375 0.4484375 0.028125 0.10703125
0 0.5859375 0.371875 0.0265625 0.11953125
0 0.5734375 0.84765625 0.02890625 0.11953125
0 0.6703125 0.5765625 0.02265625 0.11171875
0 0.7078125 0.634375 0.02265625 0.09296875
0 0.728125 0.73203125 0.04296875 0.11796875
0 0.8375 0.29609375 0.02421875 0.08203125
0 0.875 0.371875 0.02265625 0.08984375
0 0.92421875 0.52734375 0.025 0.11953125
0 0.9140625 0.62578125 0.01953125 0.125
0 0.96015625 0.70078125 0.02890625 0.13671875