0 0.1515625 0.4015625 0.015625 0.0640625
0 0.24609375 0.3109375 0.0203125 0.0609375
0 0.209375 0.4109375 0.01875 0.071875
0 0.22421875 0.44296875 0.0203125 0.06953125
0 0.2546875 0.5359375 0.034375 0.1
0 0.2953125 0.48046875 0.01875 0.09453125
0 0.43203125 0.3265625 0.0171875 0.0640625
0 0.5140625 0.3875 0.01875 0.075
0 0.5390625 0.4390625 0.015625 0.078125
0 0.603125 0.55546875 0.028125 0.11640625
0 0.64296875 0.58046875 0.0203125 0.09453125
0 0.60390625 0.7140625 0.0234375 0.1
0 0.6328125 0.7390625 0.03125 0.10546875
0 0.91015625 0.6375 0.0265625 0.103125