0 0.08828125 0.609375 0.0265625 0.10859375
0 0.2 0.534375 0.021875 0.08046875
0 0.1984375 0.471875 0.01875 0.06640625
0 0.2265625 0.4875 0.021875 0.096875
0 0.2625 0.45859375 0.021875 0.1
0 0.2953125 0.48359375 0.025 0.1
0 0.34296875 0.453125 0.0203125 0.078125
0 0.359375 0.4109375 0.015625 0.08359375
0 0.428125 0.59140625 0.021875 0.09453125
0 0.475 0.7140625 0.025 0.128125
0 0.590625 0.36796875 0.01875 0.096875
0 0.665625 0.39140625 0.025 0.09453125
0 0.60703125 0.5109375 0.0359375 0.1
0 0.69765625 0.39296875 0.0234375 0.075
0 0.73125 0.37109375 0.025 0.075
0 0.7828125 0.478125 0.028125 0.0890625
0 0.73125 0.596875 0.025 0.10546875