0 0.13203125 0.296875 0.0328125 0.09453125
0 0.07890625 0.4484375 0.0265625 0.11953125
0 0.12890625 0.590625 0.0265625 0.11953125
0 0.26484375 0.35703125 0.0296875 0.08046875
0 0.3109375 0.4625 0.025 0.10859375
0 0.453125 0.678125 0.0375 0.128125
0 0.6265625 0.60390625 0.034375 0.1140625
0 0.40703125 0.27109375 0.0203125 0.075
0 0.51796875 0.1875 0.0171875 0.053125
0 0.54375 0.2375 0.015625 0.0640625
0 0.5125 0.29296875 0.01875 0.075
0 0.50625 0.359375 0.015625 0.06953125
0 0.6125 0.3984375 0.015625 0.08046875
0 0.66015625 0.3015625 0.0203125 0.08046875
0 0.68203125 0.328125 0.0171875 0.08359375
0 0.71015625 0.34453125 0.0296875 0.08359375
0 0.684375 0.4609375 0.021875 0.0890625
0 0.81171875 0.40390625 0.0203125 0.096875
0 0.9796875 0.546875 0.021875 0.11640625