0 0.11953125 0.54296875 0.0234375 0.0859375
0 0.11953125 0.68203125 0.0296875 0.096875
0 0.275 0.3609375 0.01875 0.06640625
0 0.36875 0.4609375 0.021875 0.0890625
0 0.43125 0.4390625 0.028125 0.071875
0 0.4484375 0.38203125 0.01875 0.08046875
0 0.46875 0.665625 0.028125 0.11953125
0 0.63125 0.2984375 0.0125 0.053125
0 0.71171875 0.58203125 0.0203125 0.08046875
0 0.76953125 0.58046875 0.0234375 0.09453125
0 0.77734375 0.346875 0.0234375 0.071875
0 0.97421875 0.353125 0.0140625 0.05546875
0 0.9828125 0.384375 0.01875 0.05859375