0 0.10234375 0.65703125 0.0421875 0.11953125
0 0.1765625 0.421875 0.040625 0.1109375
0 0.303125 0.3359375 0.0375 0.09453125
0 0.3140625 0.484375 0.0375 0.10859375
0 0.3015625 0.70546875 0.059375 0.15
0 0.4625 0.8265625 0.053125 0.1640625
0 0.37734375 0.4640625 0.0328125 0.09453125
0 0.4015625 0.39609375 0.046875 0.10859375
0 0.65703125 0.284375 0.0328125 0.09140625
0 0.68828125 0.403125 0.0515625 0.1
0 0.63671875 0.4609375 0.0609375 0.1109375
0 0.65078125 0.5390625 0.0453125 0.1109375
0 0.9578125 0.31640625 0.05625 0.11640625
0 0.878125 0.43203125 0.046875 0.103125
0 0.834375 0.47109375 0.04375 0.11953125
0 0.86328125 0.5875 0.0265625 0.10859375
0 0.8796875 0.678125 0.03125 0.1109375