0 0.07109375 0.525 0.0203125 0.078125
0 0.29296875 0.303125 0.0140625 0.05
0 0.190625 0.534375 0.021875 0.096875
0 0.33984375 0.38046875 0.0203125 0.0609375
0 0.27890625 0.753125 0.0328125 0.11640625
0 0.36953125 0.56640625 0.0203125 0.1
0 0.42578125 0.73046875 0.0234375 0.121875
0 0.5015625 0.5375 0.021875 0.0859375
0 0.528125 0.4625 0.01875 0.075
0 0.5328125 0.35703125 0.021875 0.075
0 0.603125 0.37890625 0.021875 0.06953125
0 0.5515625 0.471875 0.01875 0.08359375
0 0.6859375 0.73359375 0.028125 0.10546875
0 0.778125 0.30390625 0.0125 0.05859375
0 0.815625 0.30390625 0.01875 0.06953125
0 0.8375 0.3859375 0.015625 0.078125
0 0.859375 0.440625 0.015625 0.0859375
0 0.928125 0.45390625 0.028125 0.096875
0 0.91640625 0.6 0.0234375 0.1
0 0.94453125 0.5859375 0.0203125 0.08359375