0 0.1671875 0.45703125 0.025 0.06953125
0 0.1953125 0.43203125 0.028125 0.08046875
0 0.15703125 0.5875 0.0609375 0.0859375
0 0.12109375 0.68046875 0.0359375 0.0890625
0 0.23515625 0.37890625 0.0171875 0.06953125
0 0.2609375 0.278125 0.025 0.06640625
0 0.2828125 0.3109375 0.01875 0.05
0 0.37578125 0.346875 0.0140625 0.06640625
0 0.4421875 0.32890625 0.021875 0.0640625
0 0.334375 0.51640625 0.025 0.10546875
0 0.4078125 0.45 0.015625 0.09453125
0 0.48203125 0.578125 0.0234375 0.0890625
0 0.4359375 0.721875 0.025 0.1
0 0.5328125 0.2984375 0.0125 0.053125
0 0.54453125 0.26953125 0.0140625 0.0390625
0 0.58359375 0.3625 0.0203125 0.053125
0 0.8 0.3359375 0.01875 0.078125
0 0.6765625 0.375 0.01875 0.06640625
0 0.790625 0.40703125 0.021875 0.08046875