0 0.13984375 0.5296875 0.028125 0.10390625
0 0.1484375 0.4265625 0.0234375 0.078125
0 0.153125 0.4765625 0.0171875 0.075
0 0.3375 0.37421875 0.0234375 0.071875
0 0.34375 0.53203125 0.0203125 0.096875
0 0.32578125 0.5625 0.021875 0.10078125
0 0.3671875 0.34765625 0.0171875 0.075
0 0.378125 0.41171875 0.0203125 0.09140625
0 0.41484375 0.4203125 0.0265625 0.10390625
0 0.52890625 0.3421875 0.01875 0.05859375
0 0.53046875 0.3671875 0.021875 0.046875
0 0.5765625 0.3890625 0.021875 0.075
0 0.603125 0.38203125 0.015625 0.0609375
0 0.625 0.68046875 0.0265625 0.134375
0 0.72578125 0.48125 0.021875 0.10625
0 0.815625 0.4015625 0.0265625 0.078125
0 0.76328125 0.49609375 0.0328125 0.11484375