0 0.04765625 0.72734375 0.03203125 0.11953125
0 0.21796875 0.52421875 0.02890625 0.09453125
0 0.215625 0.76640625 0.0390625 0.13671875
0 0.271875 0.58203125 0.03828125 0.08984375
0 0.340625 0.82265625 0.02890625 0.11015625
0 0.4015625 0.80546875 0.040625 0.11484375
0 0.478125 0.509375 0.0265625 0.09453125
0 0.5234375 0.3765625 0.028125 0.09453125
0 0.58359375 0.44375 0.03515625 0.09296875
0 0.565625 0.603125 0.0390625 0.1
0 0.634375 0.80703125 0.03046875 0.13203125
0 0.74609375 0.60703125 0.03203125 0.1
0 0.9390625 0.803125 0.01953125 0.1
0 0.86171875 0.359375 0.02421875 0.09453125
0 0.9265625 0.421875 0.03671875 0.0796875
0 0.94453125 0.49453125 0.03203125 0.08984375