0 0.209375 0.35546875 0.021875 0.06640625
0 0.08203125 0.621875 0.0234375 0.09453125
0 0.2296875 0.41796875 0.01875 0.06953125
0 0.3078125 0.49609375 0.01875 0.06953125
0 0.271875 0.6015625 0.028125 0.08046875
0 0.40703125 0.396875 0.0171875 0.06640625
0 0.52578125 0.303125 0.0140625 0.05546875
0 0.4453125 0.42890625 0.021875 0.06953125
0 0.578125 0.3765625 0.021875 0.053125
0 0.49765625 0.546875 0.0171875 0.078125
0 0.61796875 0.62109375 0.0171875 0.0859375
0 0.76796875 0.44609375 0.0203125 0.075
0 0.8265625 0.30859375 0.01875 0.06640625
0 0.82421875 0.35546875 0.0140625 0.05546875
0 0.85859375 0.4109375 0.0140625 0.0609375
0 0.84609375 0.465625 0.0234375 0.0640625