0 0.08203125 0.6359375 0.025 0.14296875
0 0.16171875 0.68203125 0.03671875 0.14453125
0 0.28359375 0.49453125 0.02109375 0.09453125
0 0.2734375 0.53359375 0.02421875 0.128125
0 0.30703125 0.53046875 0.01484375 0.125
0 0.33125 0.58828125 0.02109375 0.11796875
0 0.33515625 0.62421875 0.0265625 0.11953125
0 0.4265625 0.36171875 0.02265625 0.1
0 0.42578125 0.434375 0.025 0.13515625
0 0.50625 0.35703125 0.02265625 0.1015625
0 0.46796875 0.4625 0.0265625 0.11015625
0 0.490625 0.66640625 0.03203125 0.14296875
0 0.596875 0.67109375 0.03359375 0.171875
0 0.77421875 0.76171875 0.028125 0.146875
0 0.953125 0.56875 0.0390625 0.153125
0 0.93828125 0.4078125 0.03359375 0.11796875