0 0.01875 0.34140625 0.0125 0.06640625
0 0.03125 0.371875 0.015625 0.078125
0 0.0640625 0.42109375 0.025 0.08046875
0 0.04375 0.49609375 0.021875 0.075
0 0.03515625 0.64296875 0.0296875 0.09140625
0 0.08359375 0.78203125 0.0296875 0.153125
0 0.16875 0.54296875 0.01875 0.0859375
0 0.1484375 0.45390625 0.021875 0.0859375
0 0.2140625 0.390625 0.021875 0.075
0 0.31640625 0.3609375 0.0203125 0.06640625
0 0.3703125 0.31796875 0.0125 0.05859375
0 0.30078125 0.45546875 0.0140625 0.06640625
0 0.56328125 0.3265625 0.0140625 0.0640625
0 0.51796875 0.4265625 0.0203125 0.08046875
0 0.49140625 0.5984375 0.0265625 0.10859375
0 0.6390625 0.484375 0.028125 0.06953125
0 0.65546875 0.4125 0.0265625 0.075
0 0.7609375 0.39453125 0.021875 0.078125
0 0.8828125 0.5234375 0.01875 0.09140625
0 0.7625 0.66953125 0.01875 0.1