0 0.29453125 0.671875 0.0171875 0.08359375
0 0.31640625 0.6890625 0.0265625 0.0890625
0 0.3125 0.5890625 0.03125 0.0890625
0 0.43984375 0.4484375 0.0171875 0.08046875
0 0.4953125 0.4109375 0.025 0.078125
0 0.51640625 0.375 0.0171875 0.0890625
0 0.540625 0.371875 0.015625 0.06640625
0 0.5453125 0.44140625 0.015625 0.078125
0 0.5890625 0.36640625 0.015625 0.078125
0 0.6109375 0.35390625 0.015625 0.06953125
0 0.69765625 0.30703125 0.0203125 0.05859375
0 0.54296875 0.621875 0.0234375 0.1109375
0 0.66640625 0.4890625 0.0203125 0.0890625
0 0.94375 0.41640625 0.025 0.09453125
0 0.978125 0.5515625 0.028125 0.075
0 0.94296875 0.8640625 0.0453125 0.14453125
0 0.68046875 0.73046875 0.0328125 0.11640625