0 0.0515625 0.67109375 0.01875 0.0859375
0 0.134375 0.5265625 0.01875 0.06953125
0 0.17265625 0.459375 0.0140625 0.0640625
0 0.215625 0.4125 0.01875 0.05859375
0 0.328125 0.4265625 0.0125 0.0640625
0 0.28984375 0.47109375 0.0171875 0.06953125
0 0.28203125 0.534375 0.0171875 0.0640625
0 0.3703125 0.5625 0.01875 0.075
0 0.353125 0.659375 0.021875 0.08046875
0 0.49765625 0.78203125 0.0234375 0.11953125
0 0.4859375 0.5265625 0.015625 0.06953125
0 0.49140625 0.4625 0.0109375 0.053125
0 0.5 0.45546875 0.0125 0.06640625
0 0.50078125 0.41796875 0.0140625 0.046875
0 0.496875 0.375 0.0125 0.0390625
0 0.63828125 0.48359375 0.0171875 0.06640625
0 0.6109375 0.54609375 0.0125 0.0640625
0 0.7765625 0.478125 0.015625 0.0609375
0 0.86953125 0.57890625 0.0171875 0.096875
0 0.80234375 0.63046875 0.0203125 0.08359375