0 0.115625 0.41171875 0.01953125 0.06484375
0 0.0578125 0.703125 0.02109375 0.1
0 0.2 0.665625 0.02421875 0.08984375
0 0.40703125 0.6546875 0.01640625 0.09453125
0 0.4265625 0.653125 0.01953125 0.1
0 0.4984375 0.70390625 0.03046875 0.09296875
0 0.47421875 0.43046875 0.01953125 0.071875
0 0.53359375 0.33671875 0.02109375 0.06953125
0 0.58125 0.3515625 0.01953125 0.059375
0 0.55859375 0.871875 0.025 0.11796875
0 0.665625 0.6265625 0.02265625 0.096875
0 0.740625 0.49453125 0.025 0.06484375
0 0.78203125 0.33671875 0.01484375 0.0796875
0 0.796875 0.3828125 0.0109375 0.06796875
0 0.84140625 0.4203125 0.02109375 0.071875
0 0.8421875 0.48203125 0.01640625 0.06953125
0 0.82890625 0.5515625 0.02109375 0.08203125
0 0.81171875 0.6953125 0.02890625 0.09453125
0 0.78046875 0.6859375 0.03359375 0.1015625