0 0.0203125 0.421875 0.015625 0.078125
0 0.28359375 0.29609375 0.0140625 0.05859375
0 0.090625 0.5015625 0.021875 0.096875
0 0.13046875 0.503125 0.0171875 0.0890625
0 0.18359375 0.63046875 0.0234375 0.1
0 0.22890625 0.61953125 0.0265625 0.1
0 0.3 0.721875 0.028125 0.128125
0 0.33515625 0.578125 0.0234375 0.0890625
0 0.40078125 0.559375 0.0265625 0.096875
0 0.44375 0.37109375 0.025 0.096875
0 0.471875 0.50390625 0.01875 0.10859375
0 0.565625 0.421875 0.01875 0.078125
0 0.53359375 0.540625 0.0265625 0.09140625
0 0.5421875 0.59453125 0.021875 0.078125
0 0.65234375 0.56640625 0.0296875 0.09453125
0 0.63984375 0.6765625 0.0328125 0.075
0 0.728125 0.4359375 0.01875 0.08359375
0 0.74921875 0.425 0.0203125 0.08359375