0 0.13515625 0.2984375 0.0140625 0.075
0 0.1828125 0.2765625 0.015625 0.046875
0 0.215625 0.309375 0.021875 0.06953125
0 0.15546875 0.37890625 0.0265625 0.06953125
0 0.13203125 0.384375 0.0203125 0.075
0 0.1671875 0.49453125 0.015625 0.0890625
0 0.01875 0.6609375 0.028125 0.0890625
0 0.02109375 0.7390625 0.0234375 0.10546875
0 0.25234375 0.5234375 0.0296875 0.096875
0 0.3453125 0.33359375 0.021875 0.08359375
0 0.434375 0.325 0.021875 0.06640625
0 0.4875 0.371875 0.021875 0.06640625
0 0.62421875 0.4515625 0.0234375 0.08046875
0 0.60625 0.5484375 0.025 0.10859375
0 0.63984375 0.275 0.0140625 0.0609375
0 0.67578125 0.30859375 0.0234375 0.071875
0 0.6953125 0.390625 0.015625 0.075
0 0.72578125 0.43046875 0.0140625 0.071875
0 0.9 0.46796875 0.015625 0.09140625
0 0.9359375 0.56640625 0.015625 0.10546875