0 0.1578125 0.7546875 0.0390625 0.14453125
0 0.36171875 0.884375 0.053125 0.14296875
0 0.26484375 0.5421875 0.03203125 0.1046875
0 0.2734375 0.3640625 0.02421875 0.08984375
0 0.32734375 0.35390625 0.028125 0.1046875
0 0.35390625 0.2640625 0.02421875 0.06953125
0 0.4375 0.203125 0.01953125 0.06796875
0 0.375 0.5453125 0.0265625 0.08515625
0 0.49765625 0.434375 0.02421875 0.1046875
0 0.52890625 0.60078125 0.03203125 0.1015625
0 0.625 0.6015625 0.03359375 0.11796875
0 0.678125 0.71484375 0.03515625 0.09453125
0 0.70859375 0.70546875 0.02890625 0.1046875
0 0.703125 0.3375 0.01796875 0.0765625
0 0.74375 0.33046875 0.03046875 0.08671875
0 0.8203125 0.43046875 0.0265625 0.11015625
0 0.8484375 0.38828125 0.0265625 0.09296875
0 0.91796875 0.571875 0.03359375 0.11484375