0 0.2140625 0.565625 0.025 0.11953125
0 0.246875 0.65 0.025 0.1109375
0 0.27890625 0.509375 0.0140625 0.096875
0 0.29296875 0.56953125 0.0328125 0.121875
0 0.3140625 0.72890625 0.03125 0.13046875
0 0.45703125 0.490625 0.0234375 0.1140625
0 0.49375 0.30859375 0.021875 0.0890625
0 0.57734375 0.3609375 0.0265625 0.0890625
0 0.6453125 0.31796875 0.01875 0.08046875
0 0.54296875 0.484375 0.0234375 0.125
0 0.52109375 0.521875 0.0234375 0.1109375
0 0.80390625 0.6140625 0.0265625 0.1390625
0 0.84296875 0.34609375 0.0265625 0.09140625
0 0.88203125 0.375 0.0203125 0.1
0 0.90390625 0.4109375 0.0234375 0.1
0 0.97109375 0.44609375 0.0328125 0.125