0 0.31953125 0.28125 0.025 0.0796875
0 0.390625 0.21171875 0.02265625 0.06953125
0 0.24140625 0.36953125 0.02421875 0.08515625
0 0.29296875 0.35625 0.03515625 0.0796875
0 0.24609375 0.53203125 0.040625 0.11953125
0 0.121875 0.75546875 0.04453125 0.1296875
0 0.2734375 0.8578125 0.04921875 0.13984375
0 0.3609375 0.53203125 0.02421875 0.08515625
0 0.46015625 0.43359375 0.025 0.09296875
0 0.50546875 0.578125 0.03203125 0.1
0 0.6484375 0.346875 0.02421875 0.08984375
0 0.69609375 0.334375 0.028125 0.08515625
0 0.60703125 0.58203125 0.025 0.08984375
0 0.69609375 0.7140625 0.028125 0.09296875
0 0.71328125 0.684375 0.03359375 0.1046875
0 0.7609375 0.421875 0.02109375 0.1
0 0.78046875 0.390625 0.01640625 0.096875
0 0.8734375 0.55625 0.028125 0.09296875