0 0.090625 0.4015625 0.025 0.13046875
0 0.1265625 0.621875 0.025 0.121875
0 0.22421875 0.50703125 0.0359375 0.1140625
0 0.2640625 0.453125 0.021875 0.08359375
0 0.3515625 0.34140625 0.025 0.08359375
0 0.35703125 0.83203125 0.0390625 0.146875
0 0.44453125 0.3 0.0171875 0.06640625
0 0.4765625 0.20859375 0.01875 0.06640625
0 0.46484375 0.359375 0.0203125 0.075
0 0.5390625 0.50859375 0.025 0.1109375
0 0.68984375 0.26796875 0.0203125 0.075
0 0.696875 0.64453125 0.021875 0.09453125
0 0.71875 0.68046875 0.025 0.14453125
0 0.77265625 0.359375 0.0203125 0.09140625
0 0.8171875 0.3609375 0.01875 0.1
0 0.89609375 0.45546875 0.0296875 0.09453125
0 0.8078125 0.415625 0.021875 0.08046875
0 0.79765625 0.44609375 0.0171875 0.08046875