0 0.1625 0.528125 0.034375 0.0890625
0 0.146875 0.60859375 0.03125 0.1
0 0.1953125 0.54140625 0.0375 0.09453125
0 0.31171875 0.3640625 0.0296875 0.0890625
0 0.44765625 0.56796875 0.0328125 0.075
0 0.51953125 0.775 0.0203125 0.09453125
0 0.540625 0.70703125 0.01875 0.09140625
0 0.575 0.75546875 0.021875 0.10546875
0 0.66484375 0.68046875 0.0203125 0.08359375
0 0.51171875 0.4640625 0.0265625 0.071875
0 0.6 0.315625 0.015625 0.05859375
0 0.65859375 0.478125 0.0234375 0.0890625
0 0.7609375 0.565625 0.028125 0.096875
0 0.72890625 0.64453125 0.0265625 0.1109375
0 0.871875 0.4109375 0.021875 0.08359375
0 0.90703125 0.415625 0.0234375 0.09140625