0 0.1171875 0.31953125 0.021875 0.06640625
0 0.15546875 0.31796875 0.0203125 0.09140625
0 0.1625 0.440625 0.025 0.1140625
0 0.10078125 0.571875 0.0234375 0.09453125
0 0.23984375 0.334375 0.0140625 0.08046875
0 0.253125 0.346875 0.01875 0.071875
0 0.246875 0.45 0.021875 0.10546875
0 0.371875 0.4125 0.021875 0.09140625
0 0.4 0.321875 0.028125 0.09453125
0 0.45859375 0.30703125 0.0234375 0.075
0 0.49609375 0.371875 0.0203125 0.06640625
0 0.51796875 0.4109375 0.0296875 0.071875
0 0.42890625 0.5890625 0.0328125 0.0890625
0 0.4625 0.609375 0.04375 0.10859375
0 0.6046875 0.34453125 0.021875 0.071875
0 0.7546875 0.40703125 0.028125 0.09140625
0 0.84140625 0.409375 0.0328125 0.08046875
0 0.97578125 0.565625 0.0296875 0.1140625
0 0.80078125 0.3015625 0.0234375 0.06953125