0 0.07265625 0.571875 0.03203125 0.11484375
0 0.20703125 0.53203125 0.02890625 0.1
0 0.1640625 0.61015625 0.0421875 0.11484375
0 0.303125 0.79296875 0.03046875 0.1296875
0 0.3390625 0.56171875 0.0265625 0.11796875
0 0.38984375 0.61875 0.025 0.10703125
0 0.409375 0.42421875 0.02265625 0.09453125
0 0.6328125 0.359375 0.01796875 0.08984375
0 0.55234375 0.47578125 0.03203125 0.08671875
0 0.571875 0.653125 0.0265625 0.1296875
0 0.77265625 0.4875 0.025 0.08984375
0 0.78671875 0.375 0.03203125 0.1015625
0 0.8203125 0.65 0.02109375 0.1296875
0 0.7953125 0.8390625 0.0421875 0.11796875
0 0.73046875 0.88671875 0.04765625 0.14296875