0 0.0578125 0.46484375 0.02421875 0.0796875
0 0.01328125 0.715625 0.02265625 0.13984375
0 0.08515625 0.571875 0.025 0.06953125
0 0.11953125 0.4859375 0.02109375 0.071875
0 0.18828125 0.496875 0.025 0.0796875
0 0.2671875 0.56953125 0.01953125 0.0796875
0 0.284375 0.5640625 0.01484375 0.071875
0 0.32578125 0.51640625 0.01640625 0.0796875
0 0.38046875 0.6265625 0.0265625 0.08203125
0 0.41015625 0.48125 0.02421875 0.0765625
0 0.46484375 0.42578125 0.02109375 0.0765625
0 0.5171875 0.43359375 0.0125 0.05703125
0 0.540625 0.4796875 0.02265625 0.0796875
0 0.45546875 0.6578125 0.02109375 0.08984375
0 0.696875 0.43828125 0.01953125 0.06796875
0 0.71953125 0.59609375 0.025 0.09296875