0 0.2953125 0.3765625 0.021875 0.075
0 0.06953125 0.69453125 0.0453125 0.128125
0 0.6140625 0.28046875 0.028125 0.0609375
0 0.61875 0.365625 0.015625 0.06953125
0 0.44765625 0.60546875 0.0234375 0.0890625
0 0.4671875 0.79609375 0.03125 0.096875
0 0.528125 0.67890625 0.021875 0.11953125
0 0.5375 0.77890625 0.028125 0.096875
0 0.64375 0.7375 0.025 0.11953125
0 0.6796875 0.70546875 0.03125 0.121875
0 0.69609375 0.55546875 0.0234375 0.0890625
0 0.771875 0.5484375 0.03125 0.10859375
0 0.7390625 0.64609375 0.021875 0.14140625
0 0.92734375 0.70859375 0.0296875 0.121875
0 0.940625 0.4515625 0.021875 0.0859375
0 0.95703125 0.384375 0.0234375 0.0859375
0 0.978125 0.38046875 0.015625 0.08359375