0 0.1546875 0.453125 0.01875 0.09453125
0 0.12890625 0.61796875 0.0296875 0.125
0 0.17734375 0.54296875 0.0296875 0.13046875
0 0.3609375 0.428125 0.034375 0.13359375
0 0.42734375 0.3984375 0.0359375 0.1140625
0 0.453125 0.49140625 0.0375 0.1390625
0 0.71953125 0.31953125 0.0328125 0.09453125
0 0.8234375 0.30703125 0.025 0.096875
0 0.84765625 0.3390625 0.0328125 0.10546875
0 0.81953125 0.44140625 0.0296875 0.121875
0 0.728125 0.590625 0.04375 0.14140625
0 0.66328125 0.6859375 0.0421875 0.171875
0 0.91796875 0.5609375 0.0265625 0.1390625