0 0.14609375 0.603125 0.0234375 0.09453125
0 0.22734375 0.4265625 0.0171875 0.075
0 0.2765625 0.80703125 0.0375 0.125
0 0.35234375 0.62109375 0.0203125 0.096875
0 0.4703125 0.55390625 0.025 0.08046875
0 0.4671875 0.3484375 0.015625 0.0640625
0 0.490625 0.4609375 0.021875 0.09453125
0 0.51171875 0.584375 0.0171875 0.09140625
0 0.52578125 0.7984375 0.0265625 0.096875
0 0.6234375 0.446875 0.015625 0.0609375
0 0.678125 0.44296875 0.015625 0.06953125
0 0.74140625 0.38046875 0.0171875 0.071875
0 0.7546875 0.4609375 0.01875 0.0609375
0 0.75 0.540625 0.015625 0.0640625
0 0.89609375 0.33203125 0.0140625 0.075
0 0.97265625 0.44140625 0.0234375 0.08359375
0 0.975 0.53046875 0.021875 0.071875
0 0.8328125 0.64140625 0.01875 0.1
0 0.89296875 0.6515625 0.0296875 0.096875