0 0.10234375 0.653125 0.0421875 0.128125
0 0.165625 0.3875 0.025 0.096875
0 0.29140625 0.2484375 0.0296875 0.08046875
0 0.3828125 0.27109375 0.01875 0.09140625
0 0.42890625 0.3234375 0.0265625 0.09140625
0 0.3890625 0.58203125 0.025 0.125
0 0.4828125 0.384375 0.025 0.08046875
0 0.503125 0.6625 0.0375 0.1140625
0 0.58359375 0.53046875 0.0296875 0.078125
0 0.609375 0.6765625 0.0375 0.11953125
0 0.59140625 0.79609375 0.0453125 0.125
0 0.63515625 0.309375 0.0171875 0.06953125
0 0.63359375 0.2875 0.0203125 0.08046875
0 0.70078125 0.3265625 0.0265625 0.0859375
0 0.7234375 0.359375 0.025 0.08046875
0 0.80078125 0.39296875 0.0234375 0.103125
0 0.7140625 0.49453125 0.0375 0.0890625
0 0.890625 0.6 0.034375 0.121875