0 0.1390625 0.37890625 0.015625 0.046875
0 0.090625 0.51640625 0.028125 0.06640625
0 0.02890625 0.8859375 0.0421875 0.121875
0 0.146875 0.5015625 0.028125 0.096875
0 0.2328125 0.634375 0.03125 0.10859375
0 0.2625 0.6265625 0.028125 0.09140625
0 0.3875 0.4640625 0.01875 0.078125
0 0.4828125 0.296875 0.01875 0.0609375
0 0.58046875 0.4140625 0.0234375 0.06640625
0 0.71640625 0.3375 0.0171875 0.05859375
0 0.92578125 0.35859375 0.0171875 0.0609375
0 0.83359375 0.56953125 0.0296875 0.078125
0 0.72265625 0.484375 0.0359375 0.075
0 0.6703125 0.4734375 0.025 0.096875
0 0.678125 0.5890625 0.034375 0.0890625
0 0.7296875 0.728125 0.028125 0.1