0 0.04609375 0.34140625 0.0390625 0.1
0 0.11171875 0.62109375 0.0390625 0.1359375
0 0.2546875 0.459375 0.034375 0.10859375
0 0.28046875 0.45546875 0.0265625 0.09453125
0 0.38515625 0.2125 0.0296875 0.10859375
0 0.5015625 0.67109375 0.021875 0.14140625
0 0.6921875 0.921875 0.05625 0.14453125
0 0.540625 0.52109375 0.028125 0.10859375
0 0.57890625 0.52109375 0.0328125 0.096875
0 0.56171875 0.3859375 0.0265625 0.09453125
0 0.59609375 0.240625 0.0328125 0.0859375
0 0.634375 0.13359375 0.021875 0.071875
0 0.70234375 0.24609375 0.0296875 0.103125
0 0.73515625 0.29453125 0.0171875 0.06640625
0 0.84375 0.20546875 0.01875 0.09453125
0 0.93984375 0.2484375 0.0296875 0.096875
0 0.9796875 0.275 0.025 0.0890625