0 0.0921875 0.5109375 0.01875 0.0890625
0 0.13046875 0.471875 0.0171875 0.09453125
0 0.14921875 0.484375 0.0203125 0.10859375
0 0.27734375 0.39453125 0.0203125 0.0890625
0 0.35703125 0.434375 0.0203125 0.103125
0 0.40859375 0.4375 0.0234375 0.10859375
0 0.5578125 0.284375 0.015625 0.06953125
0 0.60859375 0.28203125 0.0265625 0.075
0 0.65 0.2984375 0.028125 0.053125
0 0.54921875 0.359375 0.0234375 0.0859375
0 0.61953125 0.384375 0.0140625 0.08046875
0 0.71328125 0.415625 0.0234375 0.09140625
0 0.8921875 0.30390625 0.021875 0.08046875
0 0.6375 0.4859375 0.040625 0.09453125
0 0.58671875 0.6359375 0.0265625 0.121875
0 0.88046875 0.478125 0.0328125 0.121875
0 0.903125 0.665625 0.034375 0.1359375