0 0.23828125 0.3234375 0.0265625 0.0859375
0 0.0953125 0.74453125 0.034375 0.128125
0 0.20703125 0.60703125 0.0265625 0.10859375
0 0.23671875 0.59140625 0.0265625 0.09453125
0 0.32890625 0.67109375 0.0421875 0.1359375
0 0.3375 0.3359375 0.021875 0.1
0 0.37109375 0.45390625 0.0265625 0.096875
0 0.4671875 0.32890625 0.01875 0.0640625
0 0.51875 0.21953125 0.021875 0.0609375
0 0.66953125 0.246875 0.0171875 0.0609375
0 0.6015625 0.35 0.01875 0.0890625
0 0.68515625 0.4515625 0.0234375 0.08046875
0 0.7234375 0.403125 0.01875 0.0890625
0 0.79609375 0.3234375 0.0203125 0.08046875
0 0.86875 0.3125 0.01875 0.075
0 0.9671875 0.36796875 0.01875 0.06953125
0 0.95703125 0.3984375 0.0171875 0.0859375
0 0.95859375 0.4859375 0.0234375 0.09453125
0 0.93359375 0.759375 0.0359375 0.1140625
0 0.8640625 0.85859375 0.034375 0.1390625