0 0.1578125 0.29453125 0.015625 0.0390625
0 0.14609375 0.3125 0.0171875 0.053125
0 0.13203125 0.63203125 0.0359375 0.0859375
0 0.10546875 0.74609375 0.0453125 0.10859375
0 0.21953125 0.378125 0.0265625 0.06640625
0 0.2125 0.28203125 0.025 0.053125
0 0.33125 0.31640625 0.015625 0.0609375
0 0.30078125 0.3765625 0.0234375 0.06953125
0 0.23984375 0.4765625 0.0234375 0.08046875
0 0.3734375 0.5234375 0.015625 0.08046875
0 0.41875 0.32890625 0.009375 0.0640625
0 0.4328125 0.33046875 0.0125 0.06640625
0 0.55078125 0.4125 0.0171875 0.05859375
0 0.534375 0.55390625 0.021875 0.08046875
0 0.61328125 0.40703125 0.0171875 0.05859375
0 0.64765625 0.371875 0.0203125 0.0609375
0 0.68046875 0.309375 0.0171875 0.05859375
0 0.79140625 0.44296875 0.0203125 0.06953125
0 0.921875 0.4734375 0.034375 0.075
0 0.96328125 0.6390625 0.0296875 0.1