0 0.0765625 0.29296875 0.01875 0.075
0 0.11953125 0.453125 0.0296875 0.121875
0 0.08828125 0.6140625 0.0296875 0.121875
0 0.175 0.4 0.021875 0.0890625
0 0.371875 0.27109375 0.021875 0.06953125
0 0.5171875 0.20859375 0.01875 0.0609375
0 0.5765625 0.240625 0.021875 0.0640625
0 0.60625 0.30390625 0.01875 0.08046875
0 0.4828125 0.334375 0.021875 0.075
0 0.41953125 0.39140625 0.0265625 0.078125
0 0.34296875 0.46953125 0.0265625 0.09453125
0 0.5765625 0.43359375 0.021875 0.071875
0 0.53125 0.6375 0.040625 0.13046875
0 0.48828125 0.74609375 0.0328125 0.13046875
0 0.6296875 0.34296875 0.01875 0.103125
0 0.67734375 0.3484375 0.0234375 0.103125
0 0.7734375 0.41953125 0.021875 0.09453125
0 0.6828125 0.4875 0.01875 0.096875
0 0.9703125 0.590625 0.01875 0.10859375