0 0.071875 0.49609375 0.025 0.09140625
0 0.12109375 0.6640625 0.0234375 0.1109375
0 0.378125 0.8625 0.0375 0.13046875
0 0.21640625 0.3015625 0.0265625 0.0859375
0 0.40390625 0.24453125 0.0203125 0.09453125
0 0.35078125 0.4890625 0.0328125 0.1
0 0.4421875 0.37890625 0.028125 0.103125
0 0.4390625 0.50546875 0.028125 0.10546875
0 0.51015625 0.72890625 0.0328125 0.1359375
0 0.61953125 0.815625 0.0546875 0.15859375
0 0.5671875 0.378125 0.021875 0.06640625
0 0.60234375 0.25703125 0.0140625 0.053125
0 0.575 0.2015625 0.01875 0.08046875
0 0.6546875 0.27109375 0.015625 0.06953125
0 0.7015625 0.33203125 0.025 0.08046875
0 0.70078125 0.46953125 0.0296875 0.09453125
0 0.84765625 0.2734375 0.0203125 0.0859375
0 0.88125 0.3734375 0.021875 0.0859375
0 0.94296875 0.3765625 0.0234375 0.0859375
0 0.9375 0.51953125 0.0375 0.1390625