0 0.21171875 0.503125 0.0203125 0.078125
0 0.0796875 0.6859375 0.028125 0.11640625
0 0.3375 0.490625 0.028125 0.0859375
0 0.36484375 0.35703125 0.0234375 0.075
0 0.4375 0.4140625 0.015625 0.06640625
0 0.453125 0.40859375 0.021875 0.06640625
0 0.64765625 0.36640625 0.0140625 0.0609375
0 0.671875 0.325 0.021875 0.06640625
0 0.52421875 0.6515625 0.0296875 0.096875
0 0.62109375 0.5625 0.0140625 0.075
0 0.6984375 0.5375 0.01875 0.08046875
0 0.715625 0.47109375 0.0125 0.0640625
0 0.7203125 0.4359375 0.01875 0.05
0 0.8109375 0.390625 0.021875 0.075
0 0.88984375 0.390625 0.0203125 0.06953125
0 0.97734375 0.434375 0.0109375 0.06953125