0 0.1671875 0.4890625 0.028125 0.078125
0 0.271875 0.321875 0.01875 0.0609375
0 0.31640625 0.334375 0.0203125 0.05859375
0 0.1140625 0.79609375 0.03125 0.1140625
0 0.4109375 0.66796875 0.03125 0.14140625
0 0.37578125 0.390625 0.0296875 0.075
0 0.4140625 0.390625 0.021875 0.0859375
0 0.54296875 0.35 0.0171875 0.05
0 0.553125 0.3640625 0.015625 0.05546875
0 0.69375 0.384375 0.01875 0.08046875
0 0.6453125 0.48203125 0.021875 0.103125
0 0.690625 0.48203125 0.01875 0.09140625
0 0.76796875 0.3109375 0.0140625 0.078125
0 0.80859375 0.328125 0.0203125 0.0609375
0 0.79140625 0.38203125 0.0203125 0.075
0 0.921875 0.4765625 0.01875 0.08046875
0 0.9203125 0.44296875 0.01875 0.06953125
0 0.98203125 0.74609375 0.0203125 0.103125