0 0.1625 0.33203125 0.025 0.096875
0 0.0671875 0.528125 0.03125 0.1
0 0.09765625 0.675 0.0296875 0.11640625
0 0.353125 0.8640625 0.021875 0.10546875
0 0.38125 0.81953125 0.021875 0.10546875
0 0.3609375 0.45 0.021875 0.09453125
0 0.3828125 0.421875 0.01875 0.09453125
0 0.47578125 0.67109375 0.0171875 0.10859375
0 0.56640625 0.8390625 0.0296875 0.128125
0 0.725 0.69609375 0.021875 0.103125
0 0.7515625 0.675 0.025 0.11640625
0 0.68125 0.428125 0.021875 0.09453125
0 0.62265625 0.296875 0.0203125 0.071875
0 0.51796875 0.20546875 0.0171875 0.06640625
0 0.6984375 0.3375 0.021875 0.09140625
0 0.78828125 0.2984375 0.0140625 0.075
0 0.875 0.36640625 0.021875 0.09453125
0 0.88671875 0.42109375 0.0296875 0.075
0 0.9265625 0.39296875 0.025 0.09140625
0 0.953125 0.4890625 0.0375 0.1