0 0.171875 0.321875 0.015625 0.08359375
0 0.2640625 0.275 0.0125 0.05
0 0.21015625 0.45390625 0.0265625 0.08046875
0 0.36953125 0.4015625 0.0171875 0.05859375
0 0.42578125 0.3859375 0.0140625 0.06640625
0 0.4265625 0.571875 0.034375 0.1
0 0.40625 0.79140625 0.034375 0.121875
0 0.584375 0.3125 0.015625 0.06953125
0 0.61171875 0.29609375 0.0140625 0.053125
0 0.65 0.428125 0.01875 0.09453125
0 0.70234375 0.434375 0.0140625 0.06953125
0 0.7125 0.365625 0.015625 0.06953125
0 0.8015625 0.2890625 0.015625 0.0609375
0 0.85078125 0.296875 0.0171875 0.05546875
0 0.815625 0.375 0.021875 0.078125
0 0.9 0.43046875 0.01875 0.06640625
0 0.94921875 0.69296875 0.0265625 0.103125
0 0.97890625 0.440625 0.0171875 0.06953125