0 0.01015625 0.24453125 0.0203125 0.06640625
0 0.14296875 0.3890625 0.0140625 0.071875
0 0.14921875 0.38203125 0.0109375 0.08046875
0 0.071875 0.48203125 0.034375 0.10859375
0 0.184375 0.63203125 0.03125 0.10859375
0 0.15390625 0.4640625 0.0171875 0.09453125
0 0.16875 0.375 0.021875 0.08359375
0 0.1671875 0.33359375 0.021875 0.09453125
0 0.19140625 0.3640625 0.0203125 0.09453125
0 0.2484375 0.42109375 0.028125 0.08046875
0 0.21953125 0.459375 0.0296875 0.09140625
0 0.365625 0.4125 0.021875 0.10859375
0 0.29765625 0.7609375 0.0453125 0.15