0 0.00859375 0.5296875 0.01640625 0.09453125
0 0.0890625 0.42578125 0.02265625 0.08671875
0 0.39296875 0.315625 0.01796875 0.08203125
0 0.321875 0.45546875 0.025 0.075
0 0.315625 0.52734375 0.02890625 0.06953125
0 0.37734375 0.80390625 0.028125 0.11796875
0 0.465625 0.43046875 0.01953125 0.08671875
0 0.57109375 0.4234375 0.01640625 0.08671875
0 0.71015625 0.37421875 0.01796875 0.075
0 0.64765625 0.46328125 0.02265625 0.08203125
0 0.6 0.51328125 0.03046875 0.08671875
0 0.52578125 0.471875 0.01796875 0.0796875
0 0.5375 0.53203125 0.01640625 0.075
0 0.50234375 0.7 0.025 0.11484375
0 0.54609375 0.64296875 0.028125 0.059375
0 0.61484375 0.6046875 0.025 0.1
0 0.67578125 0.57578125 0.02265625 0.1015625
0 0.803125 0.44140625 0.02109375 0.0796875
0 0.9078125 0.55 0.02890625 0.11484375
0 0.89921875 0.659375 0.02890625 0.11953125