0 0.06953125 0.78671875 0.04453125 0.11796875
0 0.18515625 0.71875 0.028125 0.121875
0 0.23515625 0.51328125 0.0265625 0.11796875
0 0.24453125 0.38046875 0.028125 0.11171875
0 0.28125 0.3984375 0.028125 0.09296875
0 0.36796875 0.309375 0.02890625 0.09453125
0 0.4640625 0.28203125 0.025 0.08984375
0 0.35546875 0.60234375 0.02890625 0.11953125
0 0.4015625 0.50859375 0.02890625 0.1015625
0 0.4046875 0.665625 0.03046875 0.1046875
0 0.49296875 0.41953125 0.028125 0.11484375
0 0.50546875 0.76796875 0.02890625 0.09453125
0 0.5234375 0.8140625 0.028125 0.13203125
0 0.58046875 0.5625 0.02890625 0.125
0 0.5796875 0.371875 0.03359375 0.1
0 0.6453125 0.38046875 0.02265625 0.1015625
0 0.76328125 0.5234375 0.02265625 0.1015625
0 0.95234375 0.50703125 0.02265625 0.1
0 0.96171875 0.35546875 0.01953125 0.10703125