0 0.19140625 0.31640625 0.0203125 0.09453125
0 0.04609375 0.6359375 0.0265625 0.10546875
0 0.33046875 0.359375 0.0296875 0.0859375
0 0.3796875 0.4640625 0.021875 0.0890625
0 0.3734375 0.5375 0.015625 0.103125
0 0.48671875 0.3609375 0.0296875 0.1
0 0.596875 0.38046875 0.03125 0.1
0 0.6296875 0.25859375 0.01875 0.071875
0 0.67734375 0.30859375 0.0296875 0.0890625
0 0.740625 0.51796875 0.025 0.11953125
0 0.7875 0.353125 0.01875 0.078125
0 0.9140625 0.3640625 0.025 0.1
0 0.9546875 0.303125 0.015625 0.0890625
0 0.96328125 0.25390625 0.0171875 0.0640625
0 0.8421875 0.565625 0.028125 0.11953125