0 0.15625 0.365625 0.025 0.103125
0 0.01953125 0.67109375 0.0265625 0.14140625
0 0.04921875 0.79140625 0.0328125 0.14453125
0 0.31875 0.409375 0.0375 0.096875
0 0.4625 0.39453125 0.034375 0.11640625
0 0.46015625 0.54140625 0.0296875 0.11640625
0 0.51875 0.40546875 0.03125 0.1
0 0.55625 0.453125 0.028125 0.128125
0 0.6078125 0.425 0.025 0.08359375
0 0.6171875 0.48359375 0.025 0.10546875
0 0.6359375 0.421875 0.01875 0.1
0 0.65625 0.45390625 0.025 0.153125
0 0.7015625 0.49609375 0.021875 0.1140625
0 0.759375 0.471875 0.028125 0.11640625
0 0.98515625 0.5875 0.0203125 0.11953125