0 0.03046875 0.51640625 0.0265625 0.10546875
0 0.065625 0.75390625 0.040625 0.11953125
0 0.2046875 0.74453125 0.040625 0.0890625
0 0.28671875 0.446875 0.0203125 0.08359375
0 0.38671875 0.33359375 0.0140625 0.071875
0 0.37578125 0.47890625 0.0265625 0.0640625
0 0.40625 0.6359375 0.03125 0.08359375
0 0.52890625 0.29609375 0.0234375 0.08046875
0 0.61484375 0.409375 0.0203125 0.075
0 0.55546875 0.484375 0.0203125 0.075
0 0.60234375 0.58046875 0.0265625 0.121875
0 0.66484375 0.51796875 0.0234375 0.06953125
0 0.6875 0.57890625 0.040625 0.0859375
0 0.690625 0.49609375 0.021875 0.103125
0 0.67734375 0.390625 0.0171875 0.075
0 0.76875 0.44453125 0.025 0.0890625
0 0.740625 0.503125 0.01875 0.0890625
0 0.778125 0.52890625 0.028125 0.08046875
0 0.85625 0.646875 0.03125 0.1