0 0.20234375 0.41796875 0.0203125 0.075
0 0.23125 0.534375 0.028125 0.103125
0 0.4515625 0.68203125 0.025 0.0859375
0 0.48515625 0.7859375 0.0453125 0.1
0 0.24140625 0.27109375 0.0203125 0.0640625
0 0.3859375 0.35 0.021875 0.078125
0 0.47265625 0.4765625 0.0265625 0.09140625
0 0.62421875 0.32109375 0.0296875 0.075
0 0.73125 0.325 0.025 0.08359375
0 0.6203125 0.509375 0.025 0.096875
0 0.76171875 0.47109375 0.0265625 0.0859375
0 0.9328125 0.471875 0.025 0.1109375
0 0.853125 0.6984375 0.034375 0.11953125