0 0.03046875 0.4640625 0.0265625 0.10546875
0 0.16484375 0.26796875 0.0296875 0.096875
0 0.5203125 0.2015625 0.021875 0.0640625
0 0.27890625 0.37890625 0.0234375 0.09140625
0 0.22421875 0.44140625 0.0359375 0.10546875
0 0.38125 0.484375 0.034375 0.09140625
0 0.4359375 0.60859375 0.021875 0.1109375
0 0.08203125 0.79140625 0.0296875 0.13359375
0 0.66875 0.55546875 0.025 0.071875
0 0.590625 0.26796875 0.01875 0.075
0 0.65546875 0.296875 0.0296875 0.06640625
0 0.65234375 0.3625 0.0359375 0.075
0 0.7234375 0.440625 0.028125 0.09140625
0 0.74140625 0.2875 0.0296875 0.0859375
0 0.76640625 0.3640625 0.0171875 0.071875
0 0.91328125 0.36953125 0.0234375 0.09453125
0 0.959375 0.359375 0.025 0.10859375
0 0.92890625 0.45859375 0.0296875 0.1
0 0.7828125 0.8265625 0.0375 0.13046875
0 0.96875 0.71953125 0.0375 0.1390625