0 0.0734375 0.428125 0.01953125 0.08671875
0 0.05078125 0.509375 0.025 0.1046875
0 0.02109375 0.67734375 0.02890625 0.11015625
0 0.06640625 0.7015625 0.02890625 0.13203125
0 0.109375 0.4546875 0.02265625 0.1
0 0.2203125 0.3609375 0.03046875 0.09296875
0 0.26484375 0.3390625 0.0265625 0.075
0 0.259375 0.43984375 0.01796875 0.0796875
0 0.3078125 0.53515625 0.03671875 0.08515625
0 0.3546875 0.55546875 0.03515625 0.121875
0 0.421875 0.43203125 0.03359375 0.08984375
0 0.5234375 0.49453125 0.028125 0.09453125
0 0.45625 0.6 0.02265625 0.1
0 0.5953125 0.40078125 0.01796875 0.06796875
0 0.60625 0.39765625 0.0125 0.06171875
0 0.6625 0.40859375 0.01953125 0.09296875
0 0.77890625 0.45078125 0.025 0.096875
0 0.84375 0.50390625 0.0265625 0.08671875
0 0.81640625 0.53359375 0.028125 0.09296875
0 0.7921875 0.7109375 0.02890625 0.125