0 0.29609375 0.54140625 0.0171875 0.09453125
0 0.321875 0.5265625 0.028125 0.075
0 0.3953125 0.7375 0.025 0.103125
0 0.38515625 0.77890625 0.0234375 0.096875
0 0.38671875 0.334375 0.0265625 0.0859375
0 0.43359375 0.30546875 0.0234375 0.06640625
0 0.49296875 0.2640625 0.0140625 0.05546875
0 0.484375 0.5609375 0.025 0.10546875
0 0.53515625 0.65390625 0.0328125 0.103125
0 0.74296875 0.35390625 0.0203125 0.06953125
0 0.80078125 0.3359375 0.0328125 0.071875
0 0.9 0.24140625 0.021875 0.06640625
0 0.8734375 0.4875 0.021875 0.075
0 0.86328125 0.63359375 0.0265625 0.10546875
0 0.93359375 0.50859375 0.0265625 0.1
0 0.93125 0.64140625 0.028125 0.10546875