0 0.23671875 0.65625 0.0265625 0.11796875
0 0.16484375 0.828125 0.03203125 0.13984375
0 0.34453125 0.54296875 0.025 0.11171875
0 0.371875 0.5328125 0.01796875 0.11171875
0 0.40234375 0.51484375 0.03359375 0.11484375
0 0.39921875 0.6203125 0.028125 0.1
0 0.46875 0.56640625 0.01953125 0.128125
0 0.5734375 0.43828125 0.01484375 0.0765625
0 0.5765625 0.5421875 0.02421875 0.08984375
0 0.5953125 0.5296875 0.01953125 0.0796875
0 0.65078125 0.528125 0.04296875 0.096875
0 0.6515625 0.4015625 0.025 0.09453125
0 0.928125 0.6296875 0.03671875 0.11484375