0 0.16875 0.5625 0.025 0.09140625
0 0.25625 0.4765625 0.021875 0.103125
0 0.296875 0.44453125 0.028125 0.10546875
0 0.4046875 0.365625 0.01875 0.075
0 0.4796875 0.415625 0.025 0.096875
0 0.5328125 0.4125 0.028125 0.0859375
0 0.61796875 0.2640625 0.0171875 0.071875
0 0.7125 0.24609375 0.01875 0.0859375
0 0.68203125 0.3015625 0.0140625 0.06953125
0 0.70234375 0.353125 0.0234375 0.0609375
0 0.76640625 0.3734375 0.0234375 0.09140625
0 0.88203125 0.4265625 0.0296875 0.096875
0 0.75625 0.459375 0.028125 0.0859375
0 0.7078125 0.521875 0.040625 0.128125
0 0.61015625 0.63203125 0.0453125 0.15859375