0 0.14296875 0.6140625 0.0296875 0.121875
0 0.16484375 0.8640625 0.0359375 0.15546875
0 0.27265625 0.49140625 0.0296875 0.13359375
0 0.346875 0.4015625 0.025 0.11953125
0 0.43359375 0.44140625 0.0265625 0.121875
0 0.40390625 0.515625 0.0234375 0.125
0 0.53125 0.41953125 0.021875 0.1109375
0 0.56484375 0.45703125 0.0296875 0.1359375
0 0.59453125 0.36640625 0.0234375 0.121875
0 0.64140625 0.32109375 0.0171875 0.096875
0 0.6671875 0.309375 0.021875 0.075
0 0.6609375 0.375 0.021875 0.06640625
0 0.63984375 0.44296875 0.0265625 0.103125
0 0.7984375 0.4015625 0.028125 0.11953125
0 0.8671875 0.40859375 0.021875 0.121875