0 0.0921875 0.371875 0.01875 0.0890625
0 0.18203125 0.678125 0.0328125 0.121875
0 0.40703125 0.44140625 0.0140625 0.0609375
0 0.41484375 0.4875 0.0140625 0.0859375
0 0.62421875 0.23359375 0.0140625 0.06640625
0 0.65078125 0.3140625 0.0140625 0.05
0 0.68203125 0.3640625 0.0234375 0.06640625
0 0.7453125 0.4234375 0.021875 0.0859375
0 0.5984375 0.5890625 0.025 0.121875
0 0.51015625 0.809375 0.0359375 0.14140625
0 0.640625 0.71640625 0.021875 0.10546875
0 0.71484375 0.67109375 0.0296875 0.10859375
0 0.86015625 0.30703125 0.0140625 0.08046875
0 0.9796875 0.39453125 0.025 0.08359375