0 0.00859375 0.3609375 0.01640625 0.09296875
0 0.1046875 0.38359375 0.02265625 0.10703125
0 0.06796875 0.43203125 0.03046875 0.11015625
0 0.16328125 0.50546875 0.03515625 0.125
0 0.071875 0.7609375 0.040625 0.13671875
0 0.3625 0.5140625 0.0265625 0.1046875
0 0.39765625 0.40703125 0.02109375 0.1
0 0.43515625 0.3609375 0.02421875 0.096875
0 0.484375 0.315625 0.03046875 0.09296875
0 0.46171875 0.42421875 0.03671875 0.11015625
0 0.409375 0.49453125 0.025 0.1046875
0 0.609375 0.4859375 0.03046875 0.09296875
0 0.65625 0.4109375 0.028125 0.11171875
0 0.7109375 0.5234375 0.03828125 0.096875
0 0.659375 0.5046875 0.02890625 0.08515625