0 0.1046875 0.315625 0.0125 0.05859375
0 0.11796875 0.2734375 0.0203125 0.053125
0 0.10390625 0.3859375 0.0203125 0.06640625
0 0.07578125 0.39609375 0.0171875 0.05859375
0 0.0734375 0.45703125 0.021875 0.075
0 0.03515625 0.665625 0.0296875 0.096875
0 0.1109375 0.89453125 0.025 0.15
0 0.23828125 0.40390625 0.0234375 0.075
0 0.3265625 0.30703125 0.021875 0.0640625
0 0.2953125 0.421875 0.021875 0.06640625
0 0.3953125 0.3734375 0.021875 0.05859375
0 0.459375 0.64296875 0.025 0.09140625
0 0.440625 0.3375 0.01875 0.06953125
0 0.45859375 0.28203125 0.0234375 0.08046875
0 0.659375 0.33359375 0.021875 0.078125
0 0.60234375 0.3484375 0.0203125 0.06953125
0 0.6171875 0.453125 0.021875 0.071875
0 0.69765625 0.49140625 0.0234375 0.06640625
0 0.87109375 0.5875 0.0390625 0.09140625
0 0.6828125 0.771875 0.034375 0.15