0 0.06640625 0.68203125 0.028125 0.11953125
0 0.1921875 0.5859375 0.01953125 0.09296875
0 0.284375 0.49921875 0.02109375 0.1046875
0 0.31484375 0.45546875 0.03359375 0.1015625
0 0.36015625 0.55703125 0.02265625 0.1
0 0.4625 0.3578125 0.01953125 0.0765625
0 0.43359375 0.4609375 0.03203125 0.11171875
0 0.4640625 0.52578125 0.01953125 0.08671875
0 0.49609375 0.34921875 0.0125 0.075
0 0.6484375 0.3421875 0.02109375 0.075
0 0.5578125 0.38046875 0.02890625 0.08671875
0 0.50859375 0.5109375 0.02109375 0.1015625
0 0.55 0.50078125 0.01796875 0.10703125
0 0.58046875 0.50859375 0.02421875 0.10703125
0 0.640625 0.4359375 0.01953125 0.0765625
0 0.68125 0.3828125 0.01640625 0.0765625
0 0.72265625 0.365625 0.02109375 0.08203125
0 0.78046875 0.43359375 0.02109375 0.08671875
0 0.825 0.51171875 0.03046875 0.1
0 0.83828125 0.365625 0.03671875 0.08671875