0 0.05703125 0.3515625 0.0328125 0.08046875
0 0.1890625 0.628125 0.040625 0.08359375
0 0.2234375 0.584375 0.0375 0.096875
0 0.303125 0.7234375 0.0375 0.10859375
0 0.4625 0.696875 0.046875 0.14453125
0 0.44765625 0.24140625 0.0140625 0.06640625
0 0.4671875 0.39609375 0.025 0.08046875
0 0.4921875 0.36796875 0.021875 0.06953125
0 0.6609375 0.275 0.0125 0.0609375
0 0.76171875 0.34453125 0.0109375 0.06640625
0 0.76796875 0.3640625 0.0171875 0.071875
0 0.7453125 0.38359375 0.015625 0.071875
0 0.7140625 0.375 0.015625 0.071875
0 0.61484375 0.446875 0.0109375 0.0890625
0 0.61796875 0.421875 0.0203125 0.0890625
0 0.6 0.56796875 0.015625 0.06953125
0 0.61796875 0.55859375 0.0203125 0.078125
0 0.75703125 0.87109375 0.0328125 0.125
0 0.86953125 0.45703125 0.0234375 0.10859375
0 0.921875 0.709375 0.03125 0.1359375