0 0.1453125 0.66015625 0.02421875 0.11484375
0 0.0953125 0.828125 0.03828125 0.1296875
0 0.31171875 0.5359375 0.01953125 0.121875
0 0.3296875 0.5625 0.02421875 0.11015625
0 0.35390625 0.54453125 0.02890625 0.1
0 0.371875 0.60703125 0.02109375 0.1
0 0.39765625 0.6 0.03671875 0.13515625
0 0.484375 0.57734375 0.02265625 0.1046875
0 0.50390625 0.53671875 0.01953125 0.1
0 0.5515625 0.41328125 0.03359375 0.08671875
0 0.64375 0.3765625 0.02265625 0.0796875
0 0.61484375 0.51796875 0.02109375 0.1
0 0.83515625 0.61796875 0.03359375 0.11484375