0 0.196875 0.35390625 0.025 0.08046875
0 0.26796875 0.39140625 0.0234375 0.0890625
0 0.50390625 0.284375 0.0203125 0.08046875
0 0.32734375 0.5 0.0234375 0.1
0 0.37890625 0.70703125 0.0296875 0.14140625
0 0.51171875 0.36640625 0.0296875 0.06640625
0 0.55625 0.3359375 0.021875 0.071875
0 0.54375 0.3875 0.021875 0.08046875
0 0.596875 0.5984375 0.03125 0.125
0 0.70234375 0.540625 0.0265625 0.10859375
0 0.7625 0.3484375 0.025 0.096875
0 0.890625 0.421875 0.028125 0.09453125
0 0.93046875 0.4765625 0.0359375 0.09140625
0 0.93125 0.53359375 0.021875 0.10546875
0 0.92265625 0.78046875 0.0359375 0.128125