0 0.06640625 0.32109375 0.0234375 0.075
0 0.04453125 0.8640625 0.0328125 0.11640625
0 0.11953125 0.40859375 0.0203125 0.071875
0 0.21171875 0.57109375 0.0328125 0.103125
0 0.36875 0.6359375 0.03125 0.10546875
0 0.4828125 0.68203125 0.03125 0.0859375
0 0.7046875 0.80390625 0.028125 0.11953125
0 0.4625 0.465625 0.034375 0.09140625
0 0.421875 0.4609375 0.028125 0.09453125
0 0.384375 0.3109375 0.015625 0.06640625
0 0.3703125 0.23359375 0.025 0.071875
0 0.44921875 0.37109375 0.0265625 0.075
0 0.5546875 0.37109375 0.025 0.09140625
0 0.75703125 0.49609375 0.0359375 0.103125
0 0.86875 0.49609375 0.028125 0.08046875