0 0.6015625 0.62578125 0.02734375 0.0875
0 0.55625 0.828125 0.02109375 0.1
0 0.259375 0.7140625 0.02890625 0.0859375
0 0.121875 0.63125 0.01875 0.09296875
0 0.4828125 0.48359375 0.02578125 0.071875
0 0.37265625 0.4421875 0.021875 0.0734375
0 0.4375 0.3421875 0.01796875 0.05703125
0 0.1625 0.43984375 0.0171875 0.0765625
0 0.359375 0.60390625 0.01640625 0.0859375
0 0.75 0.471875 0.01640625 0.0765625
0 0.925 0.384375 0.01796875 0.0640625
0 0.6953125 0.2984375 0.01640625 0.0609375
0 0.88828125 0.38828125 0.015625 0.06796875
0 0.6828125 0.37578125 0.01640625 0.059375
0 0.9921875 0.5609375 0.01484375 0.0859375