0 0.5390625 0.578125 0.02265625 0.0875
0 0.7734375 0.51640625 0.01640625 0.0859375
0 0.44375 0.45234375 0.01953125 0.0734375
0 0.66640625 0.52109375 0.0203125 0.0859375
0 0.4359375 0.290625 0.01328125 0.0609375
0 0.653125 0.39375 0.01796875 0.08203125
0 0.35390625 0.5 0.015625 0.071875
0 0.1796875 0.39296875 0.01484375 0.078125
0 0.075 0.35 0.01953125 0.078125
0 0.2484375 0.26484375 0.01328125 0.0625
0 0.109375 0.45546875 0.01796875 0.075
0 0.021875 0.32578125 0.01875 0.0765625
0 0.2234375 0.20625 0.01640625 0.059375
0 0.2125 0.25625 0.02109375 0.0625
0 0.6296875 0.88515625 0.02734375 0.12109375
0 0.87421875 0.30546875 0.0203125 0.075
0 0.60625 0.35390625 0.02109375 0.08359375
0 0.2984375 0.36015625 0.01484375 0.07109375