0 0.153125 0.359375 0.02578125 0.096875
0 0.14140625 0.15625 0.015625 0.0765625
0 0.9 0.3453125 0.02265625 0.09609375
0 0.578125 0.153125 0.01953125 0.07890625
0 0.753125 0.24609375 0.01796875 0.0859375
0 0.875 0.440625 0.03046875 0.09609375
0 0.9453125 0.4734375 0.01953125 0.096875
0 0.1765625 0.240625 0.01875 0.07890625
0 0.64609375 0.2109375 0.0234375 0.08046875
0 0.6046875 0.253125 0.01640625 0.0859375
0 0.34609375 0.78671875 0.0515625 0.14296875
0 0.665625 0.2 0.01796875 0.078125
0 0.49921875 0.14765625 0.0171875 0.07109375
0 0.49375 0.18984375 0.02578125 0.06796875
0 0.7890625 0.32890625 0.025 0.0890625