0 0.8890625 0.9328125 0.04140625 0.12890625
0 0.1734375 0.6375 0.02421875 0.103125
0 0.27421875 0.56875 0.021875 0.084375
0 0.11484375 0.42578125 0.0171875 0.084375
0 0.95859375 0.5796875 0.025 0.1015625
0 0.59765625 0.490625 0.0171875 0.0859375
0 0.6140625 0.2296875 0.01328125 0.05703125
0 0.3390625 0.490625 0.01875 0.08046875
0 0.721875 0.33984375 0.01484375 0.0765625
0 0.3453125 0.3484375 0.01484375 0.071875
0 0.44765625 0.40078125 0.015625 0.07890625
0 0.525 0.18125 0.0140625 0.059375
0 0.184375 0.32734375 0.0171875 0.0765625
0 0.28984375 0.23046875 0.0125 0.0640625
0 0.428125 0.265625 0.01171875 0.0640625
0 0.5390625 0.3703125 0.0171875 0.08203125
0 0.803125 0.415625 0.01953125 0.084375
0 0.840625 0.5703125 0.01484375 0.090625
0 0.778125 0.61015625 0.01796875 0.09296875
0 0.7625 0.371875 0.01640625 0.08046875