0 0.890625 0.73203125 0.0328125 0.1
0 0.1921875 0.525 0.021875 0.08046875
0 0.37421875 0.659375 0.0328125 0.084375
0 0.68125 0.503125 0.0203125 0.08046875
0 0.32421875 0.584375 0.015625 0.090625
0 0.4984375 0.56796875 0.01953125 0.08046875
0 0.5703125 0.50703125 0.01328125 0.08046875
0 0.70625 0.590625 0.025 0.08359375
0 0.1890625 0.4203125 0.015625 0.0734375
0 0.3984375 0.4765625 0.01953125 0.0859375
0 0.2609375 0.25546875 0.01328125 0.05859375
0 0.065625 0.47109375 0.021875 0.0859375
0 0.503125 0.37265625 0.01328125 0.06796875
0 0.59609375 0.434375 0.0140625 0.075
0 0.16875 0.33203125 0.01484375 0.06640625
0 0.459375 0.32265625 0.01328125 0.0625
0 0.5484375 0.38125 0.015625 0.07109375
0 0.2984375 0.34609375 0.015625 0.0640625