0 0.19609375 0.58671875 0.0234375 0.09296875
0 0.7984375 0.403125 0.015625 0.0734375
0 0.12734375 0.415625 0.0171875 0.075
0 0.38359375 0.365625 0.015625 0.059375
0 0.6171875 0.646875 0.025 0.0875
0 0.33046875 0.503125 0.01875 0.0765625
0 0.9625 0.68359375 0.02265625 0.096875
0 0.33515625 0.3375 0.021875 0.0609375
0 0.3796875 0.453125 0.01484375 0.075
0 0.6671875 0.50234375 0.01484375 0.0765625
0 0.721875 0.61875 0.01875 0.08203125
0 0.57421875 0.403125 0.0171875 0.06953125
0 0.2421875 0.81171875 0.02890625 0.109375
0 0.8578125 0.48984375 0.01484375 0.07890625
0 0.5359375 0.2453125 0.01796875 0.0515625
0 0.696875 0.31171875 0.0109375 0.05390625
0 0.6125 0.328125 0.01328125 0.0640625
0 0.87421875 0.478125 0.0171875 0.08203125
0 0.59296875 0.31484375 0.0125 0.05703125