0 0.88125 0.53984375 0.03828125 0.09296875
0 0.77890625 0.728125 0.0234375 0.10703125
0 0.30703125 0.38125 0.025 0.0765625
0 0.434375 0.36484375 0.0234375 0.07109375
0 0.5796875 0.36640625 0.01953125 0.05859375
0 0.709375 0.503125 0.0203125 0.090625
0 0.446875 0.6328125 0.01796875 0.09296875
0 0.26484375 0.425 0.034375 0.06953125
0 0.1203125 0.546875 0.02734375 0.0859375
0 0.728125 0.3390625 0.01875 0.06953125
0 0.6578125 0.32421875 0.01953125 0.065625
0 0.49921875 0.31015625 0.021875 0.0625
0 0.3953125 0.3171875 0.01953125 0.065625
0 0.634375 0.37265625 0.01484375 0.07109375
0 0.3765625 0.315625 0.01015625 0.059375
0 0.51875 0.278125 0.02421875 0.0484375
0 0.353125 0.403125 0.03203125 0.06953125