0 0.628125 0.8765625 0.03125 0.1140625
0 0.115625 0.63828125 0.01875 0.1015625
0 0.65390625 0.4703125 0.0171875 0.08203125
0 0.7515625 0.55234375 0.02109375 0.09296875
0 0.6015625 0.34765625 0.01484375 0.06796875
0 0.1765625 0.43515625 0.01953125 0.08203125
0 0.059375 0.44609375 0.01640625 0.0890625
0 0.55390625 0.371875 0.01875 0.07890625
0 0.28984375 0.3265625 0.01875 0.06953125
0 0.30703125 0.41328125 0.0203125 0.08203125
0 0.9234375 0.56953125 0.01875 0.096875
0 0.36875 0.503125 0.0203125 0.08359375
0 0.4109375 0.3453125 0.0140625 0.065625
0 0.6453125 0.33515625 0.01328125 0.06796875
0 0.7609375 0.39921875 0.0125 0.07890625
0 0.76484375 0.64609375 0.0203125 0.09453125
0 0.8796875 0.471875 0.01484375 0.0890625
0 0.86328125 0.484375 0.0171875 0.090625
0 0.3078125 0.353125 0.01328125 0.06640625