0 0.1921875 0.68125 0.034375 0.09609375
0 0.0875 0.4875 0.0203125 0.08359375
0 0.81875 0.571875 0.02578125 0.08359375
0 0.9109375 0.5828125 0.02109375 0.09296875
0 0.50546875 0.55625 0.0171875 0.08203125
0 0.859375 0.72734375 0.02578125 0.1015625
0 0.39921875 0.4296875 0.01875 0.0765625
0 0.64296875 0.54453125 0.021875 0.08359375
0 0.4640625 0.35703125 0.01328125 0.06640625
0 0.7671875 0.45703125 0.01875 0.08359375
0 0.603125 0.40390625 0.01640625 0.078125
0 0.37890625 0.51171875 0.01875 0.0625
0 0.2703125 0.340625 0.01484375 0.06640625
0 0.696875 0.334375 0.0125 0.0640625
0 0.73515625 0.36640625 0.015625 0.06640625
0 0.80625 0.46640625 0.01953125 0.08359375
0 0.4890625 0.265625 0.01484375 0.04453125
0 0.6671875 0.30625 0.01171875 0.05703125
0 0.28125 0.46640625 0.01484375 0.08359375