0 0.28515625 0.4390625 0.0265625 0.09140625
0 0.1140625 0.575 0.03203125 0.096875
0 0.490625 0.3265625 0.01796875 0.08046875
0 0.7234375 0.66015625 0.0203125 0.10390625
0 0.18359375 0.3640625 0.01875 0.08046875
0 0.7765625 0.440625 0.01953125 0.08359375
0 0.734375 0.2578125 0.015625 0.059375
0 0.41953125 0.2484375 0.0171875 0.06953125
0 0.45 0.525 0.02421875 0.0859375
0 0.63828125 0.2453125 0.01875 0.065625
0 0.61875 0.31953125 0.0140625 0.075
0 0.634375 0.35234375 0.0171875 0.084375
0 0.478125 0.40234375 0.02890625 0.084375
0 0.5296875 0.52890625 0.02578125 0.0859375