0 0.5703125 0.46796875 0.01875 0.075
0 0.17734375 0.6171875 0.0203125 0.09609375
0 0.78828125 0.56484375 0.01875 0.0875
0 0.5171875 0.334375 0.01796875 0.059375
0 0.459375 0.4078125 0.0171875 0.0765625
0 0.5578125 0.6 0.01953125 0.0859375
0 0.61640625 0.3921875 0.015625 0.07109375
0 0.74765625 0.7859375 0.0234375 0.10859375
0 0.6625 0.50234375 0.01796875 0.08203125
0 0.35625 0.27265625 0.01953125 0.05390625
0 0.6359375 0.64140625 0.01796875 0.0859375
0 0.69609375 0.459375 0.0171875 0.07890625
0 0.26015625 0.3390625 0.01875 0.0609375
0 0.38046875 0.328125 0.0203125 0.05390625
0 0.284375 0.340625 0.01484375 0.0625
0 0.053125 0.70703125 0.02265625 0.1
0 0.19140625 0.534375 0.0171875 0.08359375
0 0.6640625 0.4390625 0.0140625 0.06953125
0 0.38984375 0.42578125 0.0140625 0.06796875