0 0.346875 0.371875 0.0296875 0.065625
0 0.665625 0.51640625 0.03359375 0.078125
0 0.5921875 0.396875 0.02578125 0.0734375
0 0.55078125 0.29921875 0.028125 0.0625
0 0.89296875 0.31796875 0.021875 0.06953125
0 0.37578125 0.66953125 0.0265625 0.10859375
0 0.5875 0.21796875 0.01328125 0.0609375
0 0.51953125 0.2828125 0.0171875 0.065625
0 0.83046875 0.14453125 0.0140625 0.05
0 0.9328125 0.203125 0.01484375 0.0640625
0 0.3828125 0.36640625 0.0140625 0.075
0 0.9234375 0.34296875 0.0296875 0.08046875
0 0.66484375 0.23125 0.0125 0.0625
0 0.98359375 0.540625 0.028125 0.0875
0 0.321875 0.6328125 0.03828125 0.07890625
0 0.3109375 0.6734375 0.028125 0.0890625