0 0.7296875 0.7375 0.0234375 0.103125
0 0.23046875 0.534375 0.03125 0.07890625
0 0.28671875 0.690625 0.025 0.0859375
0 0.62421875 0.58515625 0.0140625 0.084375
0 0.346875 0.38984375 0.0171875 0.065625
0 0.21875 0.38203125 0.0125 0.0640625
0 0.4140625 0.4296875 0.01796875 0.0734375
0 0.31875 0.51953125 0.0203125 0.071875
0 0.303125 0.45625 0.01484375 0.0765625
0 0.1359375 0.30625 0.01640625 0.05703125
0 0.1296875 0.45234375 0.021875 0.07109375
0 0.521875 0.5265625 0.01328125 0.078125
0 0.375 0.5453125 0.01875 0.07890625
0 0.0609375 0.45234375 0.0140625 0.065625
0 0.4 0.5765625 0.01953125 0.0859375
0 0.45 0.453125 0.02265625 0.06953125
0 0.4640625 0.44921875 0.0203125 0.07109375
0 0.478125 0.6671875 0.02421875 0.0984375