0 0.5828125 0.57265625 0.02421875 0.08203125
0 0.2171875 0.859375 0.03359375 0.115625
0 0.29375 0.6390625 0.0265625 0.0890625
0 0.5234375 0.509375 0.01796875 0.0859375
0 0.775 0.46875 0.02109375 0.07890625
0 0.4734375 0.48203125 0.03125 0.08046875
0 0.440625 0.565625 0.02265625 0.0859375
0 0.2125 0.3734375 0.01875 0.071875
0 0.809375 0.696875 0.02109375 0.10390625
0 0.1765625 0.390625 0.0203125 0.06796875
0 0.44375 0.29765625 0.01328125 0.059375
0 0.4640625 0.434375 0.01953125 0.08359375
0 0.41796875 0.871875 0.025 0.10703125
0 0.32421875 0.246875 0.0125 0.05703125