0 0.6984375 0.73828125 0.02265625 0.1015625
0 0.1984375 0.53984375 0.02890625 0.07890625
0 0.59453125 0.5875 0.0140625 0.08359375
0 0.2484375 0.6953125 0.02265625 0.0875
0 0.4453125 0.671875 0.02265625 0.1
0 0.18828125 0.384375 0.015625 0.06640625
0 0.10078125 0.309375 0.015625 0.059375
0 0.49375 0.52734375 0.01484375 0.07890625
0 0.271875 0.459375 0.015625 0.078125
0 0.309375 0.5125 0.02421875 0.06640625
0 0.32109375 0.38984375 0.0109375 0.06796875
0 0.36875 0.57890625 0.01796875 0.0859375
0 0.09140625 0.45703125 0.01875 0.071875
0 0.3453125 0.55 0.0171875 0.08046875
0 0.0265625 0.45390625 0.01484375 0.0640625
0 0.3890625 0.43046875 0.0140625 0.075
0 0.41953125 0.4515625 0.0234375 0.078125
0 0.4359375 0.4484375 0.021875 0.071875