0 0.1546875 0.471875 0.0203125 0.078125
0 0.74609375 0.8875 0.0328125 0.1109375
0 0.19453125 0.715625 0.03125 0.1015625
0 0.6375 0.5078125 0.01640625 0.0765625
0 0.6046875 0.39609375 0.01328125 0.06953125
0 0.128125 0.3390625 0.01640625 0.06953125
0 0.55390625 0.30703125 0.0171875 0.0640625
0 0.83125 0.58359375 0.0234375 0.0890625
0 0.54140625 0.53046875 0.01875 0.078125
0 0.284375 0.26875 0.01796875 0.0515625
0 0.325 0.40625 0.01328125 0.065625
0 0.35390625 0.21484375 0.015625 0.0515625
0 0.3859375 0.3671875 0.01328125 0.0734375
0 0.759375 0.325 0.0125 0.05859375
0 0.79375 0.38828125 0.015625 0.0734375
0 0.4859375 0.23828125 0.0109375 0.0484375
0 0.60859375 0.21484375 0.009375 0.0515625
0 0.49453125 0.1921875 0.0125 0.040625
0 0.80703125 0.40078125 0.0140625 0.0734375
0 0.38515625 0.31875 0.0125 0.0484375