0 0.34296875 0.8390625 0.0375 0.1
0 0.55 0.471875 0.021875 0.065625
0 0.14921875 0.43671875 0.0234375 0.065625
0 0.6828125 0.375 0.01171875 0.05859375
0 0.9078125 0.70703125 0.01875 0.096875
0 0.015625 0.39609375 0.025 0.0640625
0 0.4203125 0.7140625 0.021875 0.08359375
0 0.15 0.72421875 0.02578125 0.0875
0 0.2734375 0.35234375 0.01171875 0.059375
0 0.484375 0.328125 0.0140625 0.053125
0 0.09765625 0.58125 0.0171875 0.06796875
0 0.0703125 0.3234375 0.01640625 0.053125
0 0.221875 0.3046875 0.0125 0.0515625
0 0.0578125 0.39140625 0.01484375 0.0609375
0 0.525 0.28125 0.01171875 0.040625
0 0.49375 0.59296875 0.025 0.08046875