0 0.7703125 0.6109375 0.04140625 0.09453125
0 0.65625 0.76796875 0.0375 0.1140625
0 0.240625 0.20390625 0.01953125 0.06640625
0 0.46328125 0.49921875 0.0328125 0.09609375
0 0.4953125 0.184375 0.02109375 0.0609375
0 0.3546875 0.159375 0.0265625 0.05546875
0 0.69140625 0.378125 0.028125 0.0859375
0 0.621875 0.60703125 0.03671875 0.0890625
0 0.090625 0.596875 0.02109375 0.109375
0 0.3828125 0.4765625 0.0265625 0.1
0 0.90859375 0.190625 0.0234375 0.07109375
0 0.5921875 0.240625 0.02109375 0.0734375
0 0.240625 0.3515625 0.01953125 0.078125
0 0.59296875 0.7359375 0.021875 0.10859375
0 0.64140625 0.24921875 0.015625 0.0765625
0 0.03515625 0.09296875 0.0140625 0.0609375