0 0.565625 0.47265625 0.03359375 0.09609375
0 0.2234375 0.675 0.025 0.11640625
0 0.71875 0.303125 0.0265625 0.06953125
0 0.43125 0.35234375 0.0234375 0.0765625
0 0.5015625 0.559375 0.0171875 0.0984375
0 0.3265625 0.3546875 0.01796875 0.08203125
0 0.13359375 0.459375 0.015625 0.096875
0 0.32890625 0.4890625 0.0203125 0.1
0 0.91171875 0.60390625 0.0234375 0.1
0 0.9625 0.496875 0.02421875 0.1015625
0 0.93203125 0.74765625 0.0203125 0.115625
0 0.596875 0.34453125 0.02265625 0.078125
0 0.9796875 0.44375 0.02265625 0.09296875
0 0.609375 0.2875 0.0125 0.06640625
0 0.8796875 0.540625 0.0234375 0.0984375
0 0.1359375 0.290625 0.0125 0.065625