0 0.5203125 0.63203125 0.03046875 0.08359375
0 0.9296875 0.459375 0.01953125 0.096875
0 0.1765625 0.6546875 0.01484375 0.1015625
0 0.53671875 0.4234375 0.015625 0.075
0 0.5859375 0.23125 0.0125 0.05390625
0 0.3625 0.45625 0.02578125 0.07890625
0 0.27265625 0.33125 0.0140625 0.06796875
0 0.76953125 0.79609375 0.0234375 0.1
0 0.61796875 0.86875 0.0234375 0.12109375
0 0.934375 0.690625 0.02109375 0.1
0 0.8375 0.36015625 0.01328125 0.07109375
0 0.76953125 0.35625 0.0109375 0.0625
0 0.85859375 0.946875 0.0203125 0.10390625
0 0.93125 0.2328125 0.01484375 0.05703125