0 0.7390625 0.38125 0.02578125 0.06796875
0 0.6109375 0.4875 0.040625 0.08046875
0 0.6625 0.3921875 0.03203125 0.08203125
0 0.05625 0.45859375 0.0203125 0.0890625
0 0.165625 0.72421875 0.0203125 0.10703125
0 0.97109375 0.2734375 0.01875 0.071875
0 0.83125 0.471875 0.01640625 0.075
0 0.35546875 0.21484375 0.0171875 0.05703125
0 0.925 0.46328125 0.01796875 0.08203125
0 0.3734375 0.53046875 0.01953125 0.08359375
0 0.40625 0.73359375 0.02578125 0.11640625
0 0.58671875 0.25078125 0.0125 0.059375
0 0.51015625 0.428125 0.015625 0.075
0 0.31640625 0.2953125 0.0125 0.06796875
0 0.5421875 0.2828125 0.01171875 0.0625
0 0.915625 0.55859375 0.02578125 0.09453125
0 0.6578125 0.29921875 0.01484375 0.06796875
0 0.22734375 0.3421875 0.01875 0.0765625
0 0.67109375 0.31015625 0.0140625 0.07109375
0 0.9875 0.78203125 0.02421875 0.096875
0 0.725 0.66796875 0.02734375 0.103125