0 0.275 0.5109375 0.0234375 0.0859375
0 0.846875 0.4390625 0.01796875 0.08359375
0 0.1265625 0.43359375 0.02578125 0.06640625
0 0.4578125 0.4609375 0.01953125 0.0859375
0 0.771875 0.40625 0.0203125 0.084375
0 0.9203125 0.425 0.02109375 0.08359375
0 0.5859375 0.32578125 0.0234375 0.065625
0 0.9 0.7078125 0.015625 0.109375
0 0.6140625 0.35625 0.01875 0.0734375
0 0.903125 0.946875 0.03203125 0.1
0 0.8359375 0.52109375 0.0171875 0.0890625
0 0.51015625 0.30390625 0.0140625 0.06953125
0 0.61796875 0.5296875 0.01875 0.0875
0 0.6328125 0.50859375 0.01484375 0.08359375
0 0.19453125 0.6890625 0.01875 0.1140625