0 0.653125 0.4328125 0.03203125 0.0734375
0 0.43984375 0.32421875 0.025 0.059375
0 0.2578125 0.38828125 0.03671875 0.05390625
0 0.475 0.6140625 0.03671875 0.09453125
0 0.74921875 0.7515625 0.0265625 0.09453125
0 0.60625 0.77890625 0.034375 0.1
0 0.8484375 0.778125 0.03046875 0.103125
0 0.34375 0.35859375 0.028125 0.0609375
0 0.24296875 0.546875 0.028125 0.08046875
0 0.9796875 0.765625 0.03828125 0.10390625
0 0.56875 0.34375 0.01796875 0.05390625
0 0.953125 0.37734375 0.02734375 0.0734375
0 0.98203125 0.49375 0.021875 0.084375
0 0.80625 0.9546875 0.02734375 0.084375
0 0.984375 0.60859375 0.028125 0.09140625
0 0.25234375 0.515625 0.03125 0.06796875