0 0.459375 0.71484375 0.028125 0.12109375
0 0.525 0.2765625 0.028125 0.078125
0 0.759375 0.4296875 0.03203125 0.09609375
0 0.5890625 0.40390625 0.0234375 0.0859375
0 0.1375 0.38046875 0.0234375 0.09453125
0 0.40625 0.290625 0.021875 0.0734375
0 0.6734375 0.46953125 0.02421875 0.09453125
0 0.8078125 0.49375 0.021875 0.10390625
0 0.3390625 0.2546875 0.0140625 0.08203125
0 0.59453125 0.32578125 0.0125 0.07890625
0 0.640625 0.5359375 0.01953125 0.096875
0 0.1078125 0.28671875 0.01484375 0.0765625
0 0.88359375 0.48515625 0.015625 0.10390625
0 0.46015625 0.2734375 0.0265625 0.071875
0 0.4390625 0.25625 0.01796875 0.0625
0 0.390625 0.3890625 0.01484375 0.08046875
0 0.89609375 0.52578125 0.021875 0.1015625
0 0.00703125 0.51953125 0.0140625 0.1