0 0.6203125 0.4859375 0.02421875 0.08359375
0 0.3828125 0.696875 0.02890625 0.11640625
0 0.603125 0.2609375 0.02265625 0.071875
0 0.421875 0.3046875 0.01953125 0.0734375
0 0.27578125 0.74140625 0.028125 0.128125
0 0.3484375 0.32578125 0.01953125 0.07890625
0 0.07890625 0.34765625 0.0203125 0.07890625
0 0.834375 0.45703125 0.02734375 0.09453125
0 0.903125 0.53984375 0.01875 0.10703125
0 0.9859375 0.6234375 0.0234375 0.1109375
0 0.41328125 0.378125 0.0203125 0.09140625
0 0.57734375 0.434375 0.01875 0.0890625
0 0.73671875 0.27578125 0.0234375 0.059375
0 0.7828125 0.4515625 0.01875 0.096875
0 0.775 0.396875 0.01640625 0.08046875