0 0.584375 0.77734375 0.03984375 0.10390625
0 0.09921875 0.553125 0.021875 0.096875
0 0.06875 0.3875 0.0234375 0.08046875
0 0.66171875 0.6078125 0.01875 0.09296875
0 0.234375 0.34921875 0.02421875 0.0765625
0 0.625 0.42890625 0.01953125 0.078125
0 0.5171875 0.559375 0.01875 0.0859375
0 0.5921875 0.45078125 0.01484375 0.0765625
0 0.5203125 0.44765625 0.01953125 0.08203125
0 0.3125 0.4640625 0.02421875 0.08359375
0 0.2828125 0.47421875 0.01640625 0.0875
0 0.828125 0.503125 0.02734375 0.096875
0 0.521875 0.3875 0.0234375 0.06953125
0 0.8046875 0.50703125 0.02421875 0.09140625
0 0.315625 0.4046875 0.01640625 0.08203125
0 0.2765625 0.4078125 0.02890625 0.0734375
0 0.321875 0.36328125 0.01875 0.0734375
0 0.53046875 0.346875 0.01875 0.06953125