0 0.1609375 0.74921875 0.04296875 0.134375
0 0.6171875 0.74609375 0.04921875 0.128125
0 0.46640625 0.2484375 0.028125 0.075
0 0.7640625 0.6625 0.04296875 0.10859375
0 0.86875 0.4609375 0.0375 0.0890625
0 0.33828125 0.50546875 0.021875 0.096875
0 0.6203125 0.26796875 0.0171875 0.075
0 0.225 0.25 0.01875 0.075
0 0.45078125 0.37109375 0.0171875 0.078125
0 0.2 0.296875 0.021875 0.08359375
0 0.8015625 0.2921875 0.01640625 0.0765625
0 0.71953125 0.25703125 0.01875 0.078125
0 0.9203125 0.421875 0.0171875 0.090625
0 0.69296875 0.2609375 0.0171875 0.078125
0 0.675 0.2296875 0.01796875 0.07109375
0 0.815625 0.3609375 0.02265625 0.0890625
0 0.990625 0.40390625 0.0171875 0.0890625