0 0.46640625 0.49453125 0.025 0.078125
0 0.36875 0.38671875 0.0328125 0.07890625
0 0.678125 0.34140625 0.01484375 0.06953125
0 0.515625 0.40234375 0.01328125 0.07890625
0 0.6859375 0.65703125 0.02578125 0.09453125
0 0.8234375 0.3875 0.01640625 0.078125
0 0.7671875 0.76796875 0.0296875 0.10546875
0 0.8421875 0.5453125 0.01484375 0.090625
0 0.2734375 0.40625 0.01171875 0.07890625
0 0.978125 0.296875 0.01796875 0.0640625
0 0.1671875 0.609375 0.01953125 0.09453125
0 0.309375 0.246875 0.01484375 0.053125
0 0.921875 0.26953125 0.0140625 0.0640625
0 0.93671875 0.40546875 0.01875 0.08046875
0 0.55078125 0.26875 0.0140625 0.0625