0 0.621875 0.68359375 0.03515625 0.11640625
0 0.528125 0.73046875 0.02890625 0.1140625
0 0.36796875 0.315625 0.0265625 0.075
0 0.45 0.27421875 0.02421875 0.07109375
0 0.9875 0.509375 0.021875 0.10703125
0 0.0609375 0.3765625 0.02265625 0.06953125
0 0.415625 0.29921875 0.01796875 0.0875
0 0.5828125 0.32578125 0.02421875 0.0734375
0 0.70546875 0.4828125 0.028125 0.090625
0 0.4703125 0.2890625 0.01796875 0.0890625
0 0.653125 0.26953125 0.02265625 0.075
0 0.6125 0.45078125 0.01953125 0.09296875
0 0.59765625 0.38828125 0.01875 0.0984375
0 0.7046875 0.4171875 0.02109375 0.0734375
0 0.1921875 0.303125 0.02890625 0.084375