0 0.2671875 0.353125 0.01484375 0.0734375
0 0.471875 0.390625 0.01953125 0.06953125
0 0.95 0.51171875 0.0203125 0.090625
0 0.4515625 0.49140625 0.034375 0.06953125
0 0.625 0.3796875 0.01875 0.06796875
0 0.6796875 0.353125 0.01640625 0.0734375
0 0.6234375 0.52109375 0.01796875 0.078125
0 0.6953125 0.665625 0.02109375 0.096875
0 0.853125 0.51328125 0.02109375 0.09296875
0 0.703125 0.38671875 0.0171875 0.0734375
0 0.7765625 0.56171875 0.01796875 0.0984375
0 0.47109375 0.55859375 0.0140625 0.0859375
0 0.8140625 0.515625 0.03203125 0.0984375
0 0.415625 0.5890625 0.02265625 0.09140625
0 0.81171875 0.45234375 0.0171875 0.084375
0 0.4296875 0.540625 0.0296875 0.090625