0 0.415625 0.6828125 0.0390625 0.090625
0 0.88125 0.45234375 0.025 0.08203125
0 0.171875 0.5578125 0.021875 0.084375
0 0.6359375 0.94296875 0.02890625 0.10859375
0 0.421875 0.44375 0.0265625 0.07890625
0 0.1828125 0.784375 0.025 0.10546875
0 0.5453125 0.67421875 0.03046875 0.0875
0 0.5375 0.43359375 0.02265625 0.075
0 0.7984375 0.590625 0.0296875 0.090625
0 0.43125 0.321875 0.01796875 0.06640625
0 0.80625 0.3484375 0.025 0.0640625
0 0.6265625 0.25859375 0.01640625 0.05859375
0 0.715625 0.37734375 0.01484375 0.07109375
0 0.9921875 0.790625 0.01328125 0.090625