0 0.8503645833333333 0.5943518518518518 0.030625 0.11481481481481481
0 0.8154687500000001 0.39305555555555555 0.018125 0.09037037037037036
0 0.8293229166666667 0.5385648148148148 0.0334375 0.0787962962962963
0 0.7207291666666666 0.33111111111111113 0.02322916666666667 0.06666666666666667
0 0.09151041666666666 0.8937037037037037 0.029895833333333333 0.15425925925925926
0 0.8794583333333333 0.3940787037037037 0.017979166666666668 0.10176851851851852
0 0.9140885416666666 0.4428240740740741 0.03109375 0.11324074074074074
0 0.28461718750000004 0.24467592592592594 0.015963541666666668 0.08212962962962964
0 0.35359375 0.33412037037037035 0.01875 0.08638888888888889
0 0.5825520833333333 0.3697685185185185 0.019375 0.09564814814814815
0 0.7235520833333332 0.4119398148148148 0.023802083333333335 0.09647222222222222
0 0.8372708333333333 0.3779444444444444 0.025364583333333336 0.09055555555555556
0 0.32498177083333335 0.5508148148148148 0.024494791666666668 0.12157407407407408
0 0.5820572916666666 0.33708333333333335 0.025052083333333332 0.08694444444444445
0 0.35544270833333336 0.46782407407407406 0.015364583333333333 0.10379629629629629
0 0.94734375 0.5256018518518518 0.022916666666666665 0.1187962962962963
0 0.6822447916666666 0.5515462962962963 0.02296875 0.11018518518518519
