0 0.7583072916666667 0.39708333333333334 0.028385416666666666 0.09916666666666667
0 0.6659375000000001 0.32907407407407413 0.024895833333333332 0.05888888888888889
0 0.5506953125 0.5659398148148148 0.022578125 0.11056481481481481
0 0.259375 0.35791666666666666 0.022916666666666665 0.09064814814814816
0 0.2978645833333334 0.21625 0.025208333333333333 0.07768518518518519
0 0.016640625 0.8671944444444444 0.031677083333333335 0.15537037037037038
0 0.6134635416666666 0.4276388888888889 0.023802083333333335 0.09861111111111111
0 0.7035416666666666 0.3565740740740741 0.017291666666666667 0.08703703703703704
0 0.7416145833333333 0.41025925925925927 0.019895833333333335 0.09201851851851851
0 0.5982291666666666 0.3812962962962963 0.0146875 0.09444444444444444
0 0.7112421875 0.5988009259259258 0.027244791666666667 0.11699074074074074
0 0.890625 0.5175925925925926 0.021979166666666668 0.11777777777777779
0 0.9819270833333335 0.6366666666666667 0.025416666666666664 0.1175925925925926
0 0.3640885416666667 0.49527777777777776 0.019114583333333334 0.10777777777777778
0 0.42856770833333335 0.3453703703703704 0.027760416666666666 0.08777777777777777
0 0.7741458333333333 0.528199074074074 0.031822916666666666 0.08432407407407407
0 0.21882812499999998 0.5685648148148149 0.018489583333333334 0.12379629629629628
0 0.7852343749999999 0.4326388888888889 0.01932291666666667 0.10972222222222222
