0 0.9760937500000001 0.7544444444444444 0.033749999999999995 0.14037037037037037
0 0.4759114583333333 0.5625462962962963 0.03588541666666667 0.11416666666666667
0 0.047682291666666675 0.6207870370370371 0.03734375 0.13972222222222222
0 0.5304427083333333 0.15773148148148147 0.01359375 0.07712962962962963
0 0.21499999999999997 0.4458796296296296 0.02645833333333333 0.1063888888888889
0 0.49070312499999996 0.39847222222222217 0.02203125 0.0975
0 0.64828125 0.9008796296296295 0.0328125 0.1613888888888889
0 0.038098958333333335 0.7465462962962963 0.033604166666666664 0.14872222222222223
0 0.45443229166666665 0.301962962962963 0.02453125 0.0787037037037037
0 0.5892421875 0.5190787037037037 0.022598958333333332 0.11400925925925925
0 0.325 0.8701851851851852 0.0496875 0.14629629629629629
0 0.550078125 0.40884259259259254 0.01703125 0.09564814814814815
0 0.8700781249999999 0.3338425925925926 0.024427083333333332 0.08416666666666667
0 0.6576302083333334 0.23671296296296296 0.03276041666666667 0.07712962962962963
