0 0.12098958333333334 0.4947175925925927 0.024791666666666667 0.13797222222222222
0 0.3454713541666667 0.8913148148148148 0.043984375 0.1675
0 0.3301953125 0.2669953703703704 0.019276041666666667 0.09880555555555555
0 0.7442734375 0.3393333333333334 0.025515625 0.10055555555555555
0 0.6563229166666668 0.5495601851851852 0.026197916666666664 0.12860185185185183
0 0.4544947916666667 0.34694444444444444 0.04520833333333333 0.08611111111111111
0 0.5753828124999999 0.5592314814814815 0.03455729166666666 0.13148148148148148
0 0.27397916666666666 0.7581759259259259 0.03401041666666667 0.1590740740740741
0 0.36742187499999995 0.46518518518518515 0.026197916666666664 0.12166666666666667
0 0.5205468750000001 0.2621759259259259 0.01640625 0.10324074074074074
0 0.420625 0.2802777777777778 0.025208333333333333 0.09092592592592592
0 0.09896354166666668 0.29724074074074075 0.02713541666666667 0.10355555555555555
0 0.058565104166666666 0.22235185185185186 0.02550520833333333 0.10068518518518518
0 0.9836432291666667 0.4330185185185185 0.031578125 0.12522222222222223
