0 0.05848177083333333 0.2838101851851852 0.03875520833333333 0.09710185185185186
0 0.6839895833333334 0.3209074074074074 0.02753125 0.09462962962962963
0 0.477875 0.24694907407407407 0.022291666666666664 0.10402777777777777
0 0.32195312500000006 0.45717592592592593 0.025989583333333333 0.12287037037037037
0 0.26554947916666666 0.8741481481481482 0.04268229166666667 0.16844444444444442
0 0.9922343750000001 0.7112685185185185 0.01553125 0.09211111111111112
0 0.07225520833333333 0.47665277777777787 0.027125 0.1386574074074074
0 0.5093020833333333 0.5364351851851852 0.034687499999999996 0.1335
0 0.48228645833333333 0.3256574074074074 0.02802083333333333 0.09574074074074075
0 0.390390625 0.26481481481481484 0.02890625 0.08814814814814816
0 0.5914583333333334 0.5281018518518519 0.03302083333333333 0.13046296296296298
0 0.01671614583333333 0.2058657407407407 0.03343229166666666 0.10286111111111111
0 0.2052109375 0.7382546296296296 0.03194270833333333 0.1570277777777778
0 0.9404427083333334 0.4200462962962963 0.027864583333333335 0.12694444444444444
0 0.26697395833333337 0.25302777777777774 0.020677083333333336 0.09805555555555556
