0 0.20890364583333335 0.8745740740740742 0.036640624999999996 0.16912962962962963
0 0.07080729166666666 0.28032407407407406 0.024427083333333332 0.09287037037037037
0 0.47210416666666666 0.5225185185185186 0.026093750000000002 0.12977777777777777
0 0.23477604166666666 0.2567824074074074 0.02014583333333333 0.09467592592592593
0 0.6632864583333333 0.3175787037037037 0.031739583333333335 0.09276851851851851
0 0.44427083333333334 0.2446296296296296 0.022395833333333334 0.10111111111111111
0 0.053375 0.4781805555555555 0.038572916666666665 0.13041666666666665
0 0.5230989583333333 0.3116203703703704 0.03692708333333334 0.09601851851851852
0 0.010963541666666667 0.20326851851851852 0.021927083333333333 0.1032037037037037
0 0.158671875 0.7323796296296297 0.04102083333333333 0.15848148148148147
0 0.9604244791666667 0.6817638888888888 0.027203124999999998 0.16136111111111112
0 0.9234895833333334 0.4226388888888889 0.034270833333333334 0.12768518518518518
0 0.5556249999999999 0.5159722222222223 0.024166666666666666 0.12657407407407406
0 0.3865208333333333 0.2620277777777778 0.0256875 0.09027777777777778
0 0.2939583333333333 0.4626388888888889 0.024791666666666667 0.12250000000000001
