0 0.36046875 0.25708333333333333 0.026979166666666665 0.08601851851851852
0 0.19742187499999997 0.25386111111111115 0.01903125 0.09777777777777777
0 0.2515104166666667 0.4612037037037037 0.028645833333333332 0.1237037037037037
0 0.510390625 0.5025462962962963 0.026927083333333334 0.12453703703703704
0 0.425625 0.5025462962962963 0.028541666666666667 0.12416666666666666
0 0.90340625 0.6672037037037036 0.03301041666666667 0.1515
0 0.5450052083333333 0.30954629629629626 0.0278125 0.09022222222222222
0 0.6310885416666667 0.3115092592592592 0.028697916666666667 0.09322222222222223
0 0.145625 0.8651388888888889 0.035625000000000004 0.1637962962962963
0 0.06723958333333332 0.27217592592592593 0.022708333333333334 0.09416666666666666
0 0.8750885416666667 0.4163148148148148 0.030208333333333334 0.11907407407407407
0 0.03412760416666667 0.46916666666666673 0.03880729166666667 0.1254074074074074
0 0.39966145833333333 0.24020370370370372 0.0184375 0.09981481481481481
0 0.10747395833333333 0.7256944444444444 0.026406250000000003 0.1628703703703704
