0 0.8253385416666666 0.6499074074074074 0.03651041666666666 0.14592592592592593
0 0.5426302083333334 0.3026851851851852 0.04234375 0.08759259259259258
0 0.04076041666666666 0.7082962962962962 0.0314375 0.148
0 0.03448958333333333 0.2621944444444444 0.03127083333333333 0.0962962962962963
0 0.3271848958333333 0.22879166666666667 0.017328125000000003 0.09697222222222222
0 0.35982552083333336 0.47207870370370375 0.029890625 0.11802777777777777
0 0.5800520833333332 0.29935185185185187 0.023020833333333334 0.08370370370370371
0 0.13996875 0.24480555555555555 0.017291666666666667 0.09490740740740741
0 0.04942708333333334 0.8522314814814814 0.025010416666666667 0.16692592592592592
0 0.012604166666666666 0.45046296296296295 0.025208333333333333 0.1237037037037037
0 0.181015625 0.44957870370370373 0.028333333333333332 0.11860185185185186
0 0.8075781249999999 0.39875 0.025052083333333332 0.11842592592592593
0 0.44640624999999995 0.4809259259259259 0.024270833333333335 0.11592592592592593
0 0.3059088541666667 0.24930555555555556 0.021223958333333334 0.08388888888888889
