0 0.6095286458333333 0.44404166666666667 0.021463541666666665 0.09397222222222222
0 0.314765625 0.5034259259259259 0.02671875 0.1087037037037037
0 0.21898437500000004 0.4227314814814815 0.018593750000000003 0.10157407407407408
0 0.3692447916666666 0.4013425925925926 0.02296875 0.10601851851851851
0 0.13581770833333331 0.35450925925925925 0.01740625 0.1063148148148148
0 0.3634895833333333 0.13273148148148148 0.0209375 0.06583333333333333
0 0.7173255208333333 0.33525925925925926 0.026171875 0.08037037037037037
0 0.36141666666666666 0.08562499999999999 0.016552083333333335 0.062490740740740736
0 0.013778645833333332 0.4776018518518518 0.027557291666666664 0.12037037037037036
0 0.4627135416666667 0.5969212962962963 0.0228125 0.12908333333333333
0 0.8539843749999999 0.58125 0.023489583333333335 0.1187962962962963
0 0.9550729166666667 0.8175185185185185 0.03403125 0.15844444444444444
0 0.8021354166666667 0.7290277777777778 0.025104166666666667 0.13416666666666668
0 0.593984375 0.43913425925925925 0.03221875 0.08980555555555556
0 0.1495260416666667 0.35065740740740736 0.017812500000000002 0.1
0 0.7995885416666667 0.39919444444444446 0.021864583333333333 0.09607407407407408
0 0.23881249999999998 0.26031018518518517 0.031739583333333335 0.07413888888888888
