0 0.6900286458333333 0.4887962962962963 0.029328125 0.10425925925925926
0 0.4414739583333333 0.46824074074074074 0.025177083333333336 0.11092592592592593
0 0.46372395833333335 0.6758796296296297 0.03578125 0.13472222222222222
0 0.041640625 0.5367592592592593 0.026302083333333334 0.12537037037037038
0 0.40987239583333335 0.5623611111111111 0.03318229166666667 0.11083333333333334
0 0.29645052083333334 0.4798425925925926 0.021046875 0.10168518518518518
0 0.9598463541666667 0.5104953703703704 0.032567708333333334 0.09700925925925925
0 0.49016145833333336 0.22777777777777777 0.01821875 0.0637037037037037
0 0.9621328125 0.6836620370370371 0.031036458333333336 0.12930555555555556
0 0.9100781250000001 0.8591898148148148 0.02696875 0.15076851851851852
0 0.7118671875 0.4892222222222222 0.03530729166666667 0.10074074074074074
0 0.16322916666666665 0.4351203703703703 0.021354166666666667 0.1055
0 0.4215625 0.15527777777777776 0.020104166666666666 0.06944444444444445
0 0.8299921875 0.41770833333333335 0.016578125 0.09069444444444445
0 0.1905625 0.43293055555555554 0.025572916666666667 0.10204629629629629
0 0.3848958333333333 0.3014953703703704 0.025208333333333333 0.06947222222222223
