0 0.14765625 0.4472129629629629 0.021812500000000002 0.11231481481481481
0 0.5376822916666666 0.2878935185185185 0.025260416666666667 0.08412037037037036
0 0.4813619791666666 0.5601759259259259 0.027244791666666667 0.11253703703703705
0 0.473203125 0.3096759259259259 0.02421875 0.08527777777777777
0 0.39570052083333335 0.6685416666666667 0.027307291666666667 0.1400462962962963
0 0.9310208333333333 0.874449074074074 0.03133333333333333 0.1521574074074074
0 0.7186744791666667 0.49438425925925933 0.017640625 0.10873148148148148
0 0.12349479166666667 0.42801388888888886 0.025406250000000002 0.11436111111111112
0 0.36635416666666665 0.15880092592592593 0.020104166666666666 0.07906481481481481
0 0.3138203125 0.4734259259259259 0.021734374999999997 0.10685185185185185
0 0.01528125 0.536 0.0305625 0.12933333333333333
0 0.7013385416666668 0.4932546296296297 0.023364583333333334 0.11058333333333334
0 0.42081250000000003 0.46890740740740744 0.025125 0.10866666666666666
0 0.925640625 0.46797685185185184 0.021343749999999998 0.09376851851851851
0 0.8115598958333334 0.38774537037037043 0.020057291666666664 0.0984537037037037
0 0.980328125 0.6855231481481482 0.03046875 0.13336111111111112
