0 0.7113932291666667 0.5317361111111111 0.025057291666666665 0.1115462962962963
0 0.5808776041666667 0.18571296296296297 0.024046875000000002 0.07905555555555555
0 0.5187083333333333 0.4138472222222222 0.034979166666666665 0.09552777777777778
0 0.5336302083333333 0.2899259259259259 0.02225 0.07774074074074074
0 0.7140078125 0.9490138888888888 0.034359375 0.10197222222222221
0 0.20837239583333333 0.882462962962963 0.04891145833333333 0.15135185185185185
0 0.6505 0.24361111111111108 0.02025 0.08325925925925926
0 0.25379687500000003 0.46823611111111113 0.03078125 0.11175
0 0.9335442708333334 0.3505185185185185 0.025432291666666666 0.09268518518518518
0 0.06166666666666667 0.6276990740740741 0.034333333333333334 0.13024999999999998
0 0.6091744791666667 0.4272824074074074 0.02609895833333333 0.09832407407407408
0 0.018466145833333333 0.7457870370370371 0.036932291666666665 0.13427777777777777
0 0.4783046875 0.5872777777777778 0.023536458333333333 0.1262037037037037
