0 0.2885208333333333 0.4503287037037037 0.020083333333333335 0.10843518518518519
0 0.36497135416666665 0.4475833333333334 0.020515625 0.1069074074074074
0 0.4927473958333334 0.32138425925925923 0.028880208333333334 0.0913425925925926
0 0.4583515625 0.5633657407407406 0.057026041666666666 0.12234259259259259
0 0.08621354166666667 0.4399166666666667 0.025677083333333333 0.1121111111111111
0 0.6495833333333333 0.49912037037037044 0.0271875 0.11564814814814815
0 0.7022239583333333 0.35340277777777773 0.026510416666666665 0.08767592592592592
0 0.8878411458333333 0.6518379629629629 0.026703125 0.1269537037037037
0 0.8474687500000001 0.837837962962963 0.034124999999999996 0.15489814814814815
0 0.08394531250000001 0.4146805555555555 0.03374479166666667 0.1126388888888889
0 0.2885729166666666 0.1527592592592593 0.0194375 0.08092592592592593
0 0.29558072916666667 0.6446111111111111 0.033505208333333335 0.14024074074074075
0 0.43478125 0.3018564814814815 0.018677083333333334 0.09082407407407407
0 0.6640390625 0.4992777777777778 0.030692708333333332 0.1087037037037037
0 0.7986796875 0.4159212962962963 0.030630208333333336 0.09774999999999999
0 0.9961406250000001 0.8851898148148148 0.00771875 0.048527777777777774
