0 0.484125 0.28552314814814816 0.019083333333333334 0.09591666666666666
0 0.6013593749999999 0.5201111111111112 0.022500000000000003 0.11777777777777779
0 0.28808333333333336 0.2878611111111111 0.02746875 0.08998148148148148
0 0.03819010416666667 0.3985324074074074 0.020057291666666664 0.11897222222222223
0 0.5895807291666667 0.33858796296296295 0.03333854166666667 0.09236111111111112
0 0.7271145833333333 0.757449074074074 0.033364583333333336 0.14610185185185184
0 0.44644010416666663 0.5663101851851852 0.05981770833333333 0.12613888888888888
0 0.7039375 0.38384722222222223 0.026260416666666668 0.1006574074074074
0 0.25130729166666665 0.1322037037037037 0.02475 0.08303703703703705
0 0.7823463541666666 0.5964212962962963 0.028817708333333334 0.12849074074074074
0 0.31995833333333334 0.4228425925925926 0.023770833333333335 0.10990740740740741
0 0.26338802083333335 0.40408796296296295 0.023057291666666667 0.10817592592592593
0 0.546625 0.5123888888888889 0.024 0.125
0 0.8642369791666666 0.8151527777777778 0.043140625 0.1680462962962963
0 0.013687499999999998 0.4370833333333333 0.027125 0.11516666666666667
0 0.1894921875 0.6064999999999999 0.027869791666666664 0.14224074074074075
