0 0.7046588541666667 0.40181018518518524 0.022661458333333332 0.10399074074074074
0 0.7820807291666667 0.5431944444444444 0.023401041666666667 0.12314814814814815
0 0.6616510416666668 0.708550925925926 0.03065625 0.14530555555555555
0 0.24632812499999998 0.1252777777777778 0.020885416666666667 0.08537037037037037
0 0.3208697916666666 0.415712962962963 0.023864583333333335 0.10922222222222222
0 0.4522473958333333 0.5682916666666666 0.047828125 0.12878703703703703
0 0.026393229166666664 0.397125 0.031244791666666667 0.11786111111111111
0 0.4590442708333333 0.5020555555555556 0.024203125 0.05651851851851852
0 0.45981249999999996 0.5871435185185185 0.005760416666666667 0.02449074074074074
0 0.7745234375 0.7626990740740741 0.026119791666666666 0.15895370370370368
0 0.193671875 0.5555555555555556 0.03348958333333333 0.13814814814814813
0 0.5205390624999999 0.5528148148148149 0.018901041666666667 0.12074074074074075
0 0.13949999999999999 0.29544444444444445 0.0205 0.09355555555555556
0 0.2564661458333333 0.3738425925925926 0.020953125 0.10472222222222222
0 0.5224739583333333 0.345837962962963 0.025802083333333333 0.09321296296296297
0 0.44647395833333337 0.5369166666666667 0.0037500000000000003 0.007592592592592592
0 0.43302343750000005 0.26368518518518513 0.015442708333333333 0.0973888888888889
