0 0.418875 0.5550555555555556 0.028625 0.125
0 0.4962265625 0.35361111111111115 0.022442708333333335 0.09314814814814815
0 0.2405729166666667 0.12990740740740742 0.02375 0.08648148148148149
0 0.0060234375 0.4249351851851852 0.012046875 0.077
0 0.7270052083333333 0.4151574074074074 0.025885416666666668 0.10283333333333333
0 0.45921875 0.5635185185185185 0.019895833333333335 0.11833333333333333
0 0.2163619791666667 0.536449074074074 0.02188020833333333 0.13473148148148148
0 0.4046875 0.2618287037037037 0.020104166666666666 0.09587962962962962
0 0.09706250000000001 0.30162037037037037 0.024510416666666666 0.09803703703703703
0 0.7923177083333334 0.5602777777777778 0.023177083333333334 0.0862962962962963
0 0.30485156249999995 0.4161157407407407 0.015401041666666667 0.11297222222222222
0 0.23642447916666667 0.3733796296296296 0.025796875 0.10187037037037036
0 0.9687812499999999 0.36531018518518515 0.033041666666666664 0.11000925925925926
0 0.634140625 0.6893425925925926 0.028697916666666667 0.13627777777777778
0 0.4694401041666667 0.6034259259259258 0.009869791666666666 0.04518518518518518
0 0.7260260416666667 0.7617453703703703 0.021 0.1549537037037037
0 0.471921875 0.5734351851851851 0.031885416666666666 0.12787037037037036
