0 0.3434635416666667 0.5435972222222223 0.032239583333333335 0.12375
0 0.9843437500000001 0.5046064814814815 0.0313125 0.11676851851851852
0 0.22926302083333333 0.605175925925926 0.039671875 0.12387037037037037
0 0.2658932291666667 0.3552361111111111 0.022828124999999998 0.10615740740740741
0 0.15127083333333333 0.6190648148148148 0.03819791666666667 0.13316666666666666
0 0.702265625 0.41430555555555554 0.00453125 0.027314814814814816
0 0.42248437499999997 0.19342592592592592 0.017364583333333336 0.08277777777777778
0 0.18254427083333333 0.34203703703703703 0.018869791666666667 0.1025925925925926
0 0.5222838541666667 0.3066574074074074 0.031473958333333336 0.07498148148148148
0 0.07341145833333333 0.27999999999999997 0.018072916666666668 0.09574074074074075
0 0.19532031249999998 0.13274074074074074 0.019796875 0.07953703703703704
0 0.594609375 0.7292407407407406 0.030677083333333334 0.14781481481481482
0 0.1554973958333333 0.474662037037037 0.028223958333333334 0.12721296296296294
0 0.70428125 0.3586898148148148 0.0163125 0.05893518518518518
0 0.6541901041666667 0.5157222222222222 0.02609895833333333 0.11855555555555555
0 0.7002604166666667 0.3876388888888889 0.0403125 0.09638888888888889
0 0.5039322916666668 0.6360185185185186 0.03328125 0.1337037037037037
0 0.8695703124999999 0.3262453703703704 0.016630208333333334 0.09787962962962962
