0 0.0179375 0.5749675925925927 0.035875 0.12130555555555554
0 0.3100572916666666 0.1770972222222222 0.021791666666666668 0.08450925925925926
0 0.558171875 0.35744444444444445 0.023197916666666665 0.09107407407407407
0 0.6623151041666666 0.36645833333333333 0.014536458333333334 0.10119444444444445
0 0.05450520833333334 0.3372685185185185 0.021197916666666667 0.10212962962962963
0 0.05812760416666666 0.4670416666666667 0.030494791666666667 0.1174537037037037
0 0.0050104166666666665 0.6685787037037038 0.010020833333333333 0.13306481481481483
0 0.07663802083333332 0.13041203703703705 0.025713541666666666 0.0839351851851852
0 0.7795130208333333 0.32935185185185184 0.02159895833333333 0.10037037037037037
0 0.9260026041666667 0.4990879629629629 0.025338541666666665 0.1269537037037037
0 0.4964635416666666 0.295912037037037 0.023875 0.07917592592592593
0 0.16818229166666668 0.3445231481481481 0.021208333333333333 0.09641666666666666
0 0.19497916666666668 0.5253194444444444 0.031947916666666666 0.12525
0 0.5147760416666667 0.7547916666666667 0.03413541666666667 0.14575
0 0.4136666666666667 0.6009768518518519 0.03308333333333333 0.12010185185185186
0 0.5257317708333333 0.49027777777777776 0.019161458333333332 0.11444444444444445
