0 0.26485156249999997 0.29983796296296295 0.02540104166666667 0.09273148148148148
0 0.38593489583333335 0.27389814814814817 0.023796875 0.0874074074074074
0 0.17828125 0.08131481481481481 0.018427083333333334 0.08001851851851852
0 0.5462343749999999 0.2284212962962963 0.021583333333333333 0.08145370370370371
0 0.18596614583333335 0.4209675925925926 0.022786458333333332 0.11602777777777779
0 0.40882812500000004 0.37186111111111114 0.029635416666666668 0.10574074074074075
0 0.07834114583333333 0.04952314814814815 0.022536458333333335 0.07326851851851851
0 0.8292447916666666 0.40796296296296297 0.029739583333333333 0.12462962962962962
0 0.6147578125000001 0.3475740740740741 0.024078125 0.09996296296296296
0 0.4353098958333333 0.4248101851851852 0.02958854166666667 0.10800925925925926
0 0.7756979166666668 0.7665601851851852 0.051458333333333335 0.1515462962962963
0 0.0871328125 0.4313935185185185 0.024984375 0.1303611111111111
0 0.7582812499999999 0.22421296296296298 0.0240625 0.09335185185185184
0 0.05147395833333333 0.26507870370370373 0.026427083333333334 0.08687962962962963
