0 0.007614583333333333 0.37842592592592594 0.015229166666666665 0.12518518518518518
0 0.9253958333333333 0.8121111111111111 0.04752083333333333 0.1752037037037037
0 0.25894791666666667 0.4567638888888889 0.027083333333333334 0.11560185185185184
0 0.5627604166666667 0.2921620370370371 0.0134375 0.06026851851851852
0 0.5623255208333333 0.3584259259259259 0.021057291666666665 0.09438888888888888
0 0.12575520833333334 0.4136944444444445 0.027822916666666666 0.1067962962962963
0 0.7419583333333333 0.2758055555555556 0.03175 0.08544444444444445
0 0.320375 0.13030092592592593 0.02352083333333333 0.08247222222222221
0 0.10910677083333334 0.2800509259259259 0.02136979166666667 0.09049074074074075
0 0.9925572916666667 0.2876296296296296 0.014885416666666667 0.09898148148148149
0 0.22966145833333332 0.34396296296296297 0.020781249999999998 0.1052037037037037
0 0.33658072916666665 0.36802777777777773 0.04252604166666667 0.09333333333333334
0 0.9963020833333333 0.45531481481481484 0.007395833333333333 0.00912962962962963
0 0.1846796875 0.7981388888888888 0.033265625 0.1585925925925926
0 0.2609739583333333 0.09792592592592592 0.025114583333333333 0.07962962962962963
0 0.4638541666666667 0.3690277777777778 0.04882291666666667 0.08787037037037038
0 0.9949739583333334 0.5265 0.010052083333333333 0.01237037037037037
0 0.8121067708333334 0.3954212962962963 0.022140625 0.11539814814814814
0 0.4110260416666666 0.5039999999999999 0.025270833333333336 0.11957407407407405
