0 0.3423072916666667 0.1719490740740741 0.03028125 0.08367592592592593
0 0.395359375 0.38463425925925926 0.04363541666666667 0.04858333333333333
0 0.5050286458333333 0.508361111111111 0.03502604166666667 0.12253703703703704
0 0.22490364583333333 0.12070833333333335 0.022859375 0.08962037037037038
0 0.18123177083333336 0.4709907407407407 0.021151041666666665 0.12144444444444444
0 0.29701822916666665 0.8535833333333335 0.06982812499999999 0.14431481481481484
0 0.39651041666666664 0.40706944444444443 0.027989583333333335 0.11680555555555557
0 0.2918645833333333 0.35954166666666665 0.0273125 0.11423148148148149
0 0.47924218749999997 0.3614675925925926 0.043078124999999995 0.07923148148148147
0 0.2624140625 0.45506944444444447 0.030869791666666667 0.1158425925925926
0 0.6564088541666667 0.2884953703703704 0.028953125000000003 0.09119444444444444
0 0.1255286458333333 0.2693611111111111 0.017921874999999997 0.10212962962962963
0 0.6284166666666666 0.37901851851851853 0.03125 0.093
0 0.9132890625000001 0.8170416666666667 0.043807291666666665 0.17500925925925925
