0 0.31385416666666666 0.35909722222222223 0.03367708333333333 0.08960185185185185
0 0.26676041666666667 0.4176944444444445 0.03434375 0.10887037037037037
0 0.12495052083333333 0.49279629629629634 0.040453125 0.11411111111111111
0 0.10735677083333334 0.12321296296296295 0.016713541666666668 0.08948148148148148
0 0.5345260416666666 0.48944907407407406 0.03825 0.12026851851851851
0 0.916734375 0.7845138888888888 0.057854166666666665 0.15919444444444444
0 0.31959895833333335 0.1951111111111111 0.0336875 0.08650000000000001
0 0.18992447916666666 0.3446990740740741 0.030755208333333332 0.1075462962962963
0 0.5629791666666666 0.3719074074074074 0.037625 0.10077777777777779
0 0.25660677083333333 0.48514814814814816 0.03977604166666667 0.1247962962962963
0 0.40888020833333333 0.3312314814814815 0.029177083333333336 0.10346296296296296
0 0.6159921875000001 0.2750925925925926 0.034953125 0.08266666666666667
0 0.0445078125 0.2620324074074074 0.030661458333333332 0.09425
0 0.468328125 0.8635277777777778 0.055635416666666666 0.14853703703703702
