0 0.6540651041666667 0.24574537037037034 0.012859375000000001 0.07332407407407407
0 0.06391666666666666 0.6248981481481481 0.03510416666666667 0.14279629629629628
0 0.512578125 0.4235 0.023677083333333335 0.10366666666666666
0 0.7627994791666667 0.5353935185185186 0.024046875000000002 0.12041666666666667
0 0.5544010416666666 0.28759259259259257 0.023802083333333335 0.08685185185185185
0 0.6187213541666666 0.44018518518518523 0.018473958333333332 0.10437037037037036
0 0.7297604166666667 0.9596666666666667 0.027864583333333335 0.08066666666666666
0 0.5884895833333333 0.1996759259259259 0.0296875 0.07861111111111112
0 0.47067187499999996 0.5852314814814814 0.03716666666666667 0.132
0 0.9494453125 0.3609351851851852 0.023015624999999998 0.09003703703703703
0 0.25659635416666665 0.474662037037037 0.03843229166666667 0.11102777777777778
0 0.012356770833333334 0.742412037037037 0.02471354166666667 0.14376851851851852
0 0.15072395833333332 0.8742500000000001 0.0404375 0.16611111111111113
