0 0.7847083333333333 0.688 0.04708333333333334 0.14035185185185187
0 0.7642786458333333 0.2335740740740741 0.032026041666666664 0.09448148148148149
0 0.6448750000000001 0.5877592592592592 0.039614583333333335 0.13120370370370368
0 0.8701171875 0.42936111111111114 0.025921875 0.11824074074074074
0 0.24626041666666668 0.41541666666666666 0.033604166666666664 0.10175925925925926
0 0.5688854166666667 0.5086851851851851 0.0464375 0.11388888888888889
0 0.14624739583333335 0.3464027777777778 0.04386979166666667 0.09384259259259259
0 0.17580208333333333 0.07918055555555556 0.039635416666666666 0.07169444444444445
0 0.3262916666666667 0.5463518518518519 0.029625000000000002 0.14233333333333334
0 0.6554322916666667 0.4622037037037037 0.02203125 0.11077777777777778
0 0.5967552083333333 0.31350000000000006 0.024822916666666663 0.096
0 0.08209895833333333 0.27378703703703705 0.042791666666666665 0.09405555555555556
0 0.9764166666666667 0.721212962962963 0.042354166666666665 0.1455
