0 0.8126692708333334 0.2646018518518518 0.021453125 0.08792592592592592
0 0.0389140625 0.5455324074074075 0.048276041666666665 0.12076851851851853
0 0.7967213541666668 0.3808796296296296 0.03465104166666667 0.1032037037037037
0 0.6289192708333332 0.41559722222222223 0.036359375 0.10960185185185185
0 0.9711067708333333 0.9029027777777777 0.035619791666666664 0.17173148148148148
0 0.2557317708333333 0.3941064814814815 0.022348958333333332 0.11093518518518519
0 0.5503932291666666 0.14096296296296298 0.028046875000000002 0.07838888888888888
0 0.18560416666666668 0.5157824074074074 0.03605208333333333 0.11876851851851852
0 0.4296041666666666 0.30092592592592593 0.025052083333333332 0.09503703703703703
0 0.46209635416666667 0.4492361111111111 0.04252604166666667 0.11506481481481481
0 0.6032239583333333 0.4016388888888889 0.03140625 0.10225925925925926
0 0.6802421875 0.6269305555555554 0.027151041666666667 0.14495370370370372
0 0.1595234375 0.49392129629629633 0.051932291666666665 0.1331203703703704
0 0.27168489583333333 0.35313425925925923 0.023369791666666664 0.0990462962962963
