0 0.5917552083333334 0.574412037037037 0.02263541666666667 0.12541666666666665
0 0.4863828125 0.1464351851851852 0.016223958333333333 0.08555555555555557
0 0.05257552083333333 0.45260648148148147 0.038015625 0.1165462962962963
0 0.1128125 0.44285185185185183 0.030510416666666665 0.10885185185185185
0 0.26467708333333334 0.37719444444444444 0.02521875 0.113
0 0.3856041666666667 0.310875 0.020072916666666666 0.09343518518518518
0 0.9714895833333334 0.9102175925925927 0.03611458333333333 0.1719351851851852
0 0.4652760416666667 0.40614814814814815 0.034208333333333334 0.10353703703703702
0 0.6228463541666667 0.36839814814814814 0.027984375 0.09296296296296297
0 0.9250052083333333 0.42577314814814815 0.022541666666666668 0.11162037037037037
0 0.7509583333333333 0.28823611111111114 0.021416666666666664 0.0990462962962963
0 0.45265364583333334 0.3706157407407407 0.02619270833333333 0.08660185185185185
0 0.2692760416666667 0.4283935185185185 0.027000000000000003 0.10512037037037038
0 0.46472135416666666 0.2854351851851852 0.023473958333333333 0.0832037037037037
