0 0.8596276041666667 0.3781805555555556 0.020630208333333334 0.10280555555555555
0 0.5543828125 0.32351388888888893 0.023286458333333333 0.10030555555555555
0 0.1180859375 0.38786574074074076 0.025078125 0.11187962962962963
0 0.4340104166666666 0.348462962962963 0.0391875 0.08655555555555557
0 0.3916640625 0.2627037037037037 0.03006770833333333 0.09316666666666668
0 0.24013802083333333 0.34947222222222224 0.025921875 0.11551851851851852
0 0.3985416666666666 0.26946296296296296 0.0275 0.08411111111111111
0 0.9367421875 0.8765324074074073 0.04691145833333333 0.15813888888888888
0 0.711296875 0.259212962962963 0.020874999999999998 0.09949999999999999
0 0.5397369791666666 0.538712962962963 0.023953125000000002 0.1207962962962963
0 0.45905989583333334 0.39035185185185184 0.031411458333333336 0.09455555555555556
0 0.4546458333333333 0.13042592592592595 0.02459375 0.08012962962962963
0 0.05524739583333333 0.4190092592592593 0.03503645833333333 0.11638888888888889
0 0.18888020833333333 0.4245925925925925 0.03320833333333333 0.11024074074074074
