0 0.6277708333333334 0.3600324074074074 0.027770833333333335 0.09850925925925925
0 0.706796875 0.1425925925925926 0.01984375 0.08166666666666667
0 0.5763802083333334 0.41388888888888886 0.03355208333333334 0.09683333333333333
0 0.8832265624999999 0.3855138888888889 0.016609375 0.10273148148148148
0 0.541265625 0.4298240740740741 0.031427083333333335 0.11981481481481482
0 0.9191718750000001 0.6223564814814815 0.03922916666666666 0.13358333333333333
0 0.668515625 0.3162037037037037 0.02421875 0.09277777777777778
0 0.4662161458333333 0.35056481481481483 0.020401041666666668 0.084
0 0.4744973958333334 0.6898703703703704 0.033296875 0.14544444444444446
0 0.8175182291666666 0.2239212962962963 0.027838541666666668 0.09208333333333334
0 0.5975625000000001 0.3653703703703704 0.04207291666666667 0.09570370370370371
0 0.7113541666666666 0.5422962962962964 0.026322916666666665 0.13253703703703704
0 0.7221875 0.3886574074074074 0.015416666666666667 0.10898148148148148
0 0.28647916666666673 0.7062962962962962 0.04492708333333333 0.14612962962962964
0 0.31238541666666664 0.43662962962962965 0.036562500000000005 0.11133333333333333
0 0.5143802083333333 0.34241666666666665 0.044187500000000005 0.08335185185185184
0 0.12970833333333334 0.551712962962963 0.028729166666666663 0.1303703703703704
