0 0.3276484375 0.08057407407407408 0.01680729166666667 0.06681481481481481
0 0.996109375 0.46473611111111107 0.00778125 0.07837962962962963
0 0.45316666666666666 0.474962962962963 0.023 0.10177777777777777
0 0.6217265625 0.5962546296296297 0.025328125 0.12191666666666666
0 0.06832552083333333 0.3653888888888889 0.030598958333333332 0.10927777777777778
0 0.23829166666666665 0.4506712962962963 0.026375 0.10608333333333332
0 0.4704166666666667 0.28229629629629627 0.020125 0.07466666666666667
0 0.143609375 0.2542685185185185 0.014489583333333333 0.08127777777777778
0 0.16683333333333333 0.6543518518518519 0.023489583333333335 0.13103703703703704
0 0.685234375 0.3118518518518519 0.028177083333333335 0.0774074074074074
0 0.37588541666666664 0.3157962962962963 0.0193125 0.08544444444444445
0 0.8898958333333333 0.33273148148148146 0.0209375 0.09657407407407408
0 0.594296875 0.4090694444444445 0.02121875 0.10832407407407407
0 0.6402187500000001 0.41185185185185186 0.022145833333333333 0.09555555555555556
0 0.33545312499999996 0.5956990740740741 0.029177083333333336 0.12306481481481481
0 0.5076354166666667 0.17835185185185184 0.0278125 0.07366666666666667
0 0.7909270833333333 0.6556712962962963 0.022875 0.13671296296296298
0 0.12009114583333333 0.4107638888888889 0.023703125 0.10039814814814815
