0 0.7468489583333333 0.425462962962963 0.02203125 0.1024074074074074
0 0.46102604166666666 0.3160231481481481 0.019802083333333335 0.08778703703703704
0 0.5630000000000001 0.48826388888888894 0.022322916666666668 0.11669444444444445
0 0.7361197916666666 0.6579166666666667 0.028177083333333335 0.13305555555555554
0 0.5391666666666667 0.29819444444444443 0.017604166666666664 0.0849074074074074
0 0.4120260416666667 0.6544768518518519 0.029270833333333336 0.13000925925925927
0 0.7222187499999999 0.3277777777777778 0.02014583333333333 0.09425925925925925
0 0.40645572916666667 0.11786574074074074 0.024213541666666668 0.07049074074074074
0 0.87640625 0.7338888888888889 0.035729166666666666 0.15537037037037038
0 0.5181510416666667 0.1975 0.022864583333333334 0.07388888888888889
0 0.12700520833333334 0.3854629629629629 0.03036458333333333 0.10444444444444444
0 0.25322916666666667 0.27152777777777776 0.022395833333333334 0.08435185185185184
0 0.19173177083333334 0.4219814814814815 0.03181770833333333 0.09794444444444445
0 0.27291145833333336 0.7172222222222222 0.032468750000000005 0.14240740740740743
0 0.7454661458333334 0.4442361111111111 0.022307291666666666 0.1155462962962963
0 0.009507812499999999 0.4606018518518519 0.019015624999999998 0.11950000000000001
0 0.2879166666666667 0.45537037037037037 0.0334375 0.10796296296296296
