0 0.30744791666666665 0.4270833333333333 0.029062499999999998 0.09935185185185184
0 0.013567708333333334 0.4728703703703704 0.02713541666666667 0.1238888888888889
0 0.31629166666666664 0.28278703703703706 0.018541666666666668 0.08898148148148148
0 0.31066145833333336 0.46675925925925926 0.03036458333333333 0.11225925925925925
0 0.95775 0.765875 0.038406249999999996 0.15549074074074073
0 0.7722135416666667 0.33532407407407405 0.023072916666666665 0.08935185185185185
0 0.6282708333333334 0.49891203703703696 0.0228125 0.11399074074074074
0 0.1576328125 0.39862037037037035 0.028192708333333334 0.10594444444444445
0 0.8662239583333332 0.4762962962962963 0.026093750000000002 0.11574074074074074
0 0.809765625 0.43703703703703706 0.023177083333333334 0.10500000000000001
0 0.8133072916666667 0.6963425925925926 0.024635416666666667 0.13472222222222222
0 0.3216927083333333 0.7377777777777778 0.038177083333333334 0.14592592592592593
0 0.47007812499999996 0.687037037037037 0.026822916666666665 0.13018518518518518
0 0.020721354166666664 0.5245555555555556 0.028484375 0.1260925925925926
0 0.5447630208333333 0.3243888888888889 0.02958854166666667 0.08225925925925927
0 0.5255208333333333 0.21004629629629631 0.020104166666666666 0.08324074074074074
0 0.4448697916666667 0.13773148148148148 0.017239583333333332 0.07546296296296297
0 0.6034895833333334 0.31032407407407403 0.03114583333333333 0.0850925925925926
