0 0.9411692708333333 0.5007685185185186 0.028442708333333334 0.11981481481481482
0 0.3246354166666667 0.47282407407407406 0.024166666666666666 0.11916666666666666
0 0.012942708333333334 0.4894907407407407 0.025885416666666668 0.12453703703703704
0 0.059333333333333335 0.5229814814814815 0.029312500000000002 0.11681481481481482
0 0.45537500000000003 0.15875925925925924 0.015177083333333334 0.0774074074074074
0 0.9828385416666666 0.7878703703703703 0.03432291666666667 0.1625925925925926
0 0.7916822916666667 0.34653240740740743 0.016197916666666666 0.09465740740740741
0 0.6502343749999999 0.4976388888888889 0.025885416666666668 0.10712962962962963
0 0.8278333333333332 0.44273148148148145 0.0271875 0.09768518518518518
0 0.4998463541666666 0.706625 0.023890625 0.1324537037037037
0 0.20833333333333334 0.40347222222222223 0.023854166666666666 0.1112037037037037
0 0.3309635416666667 0.745787037037037 0.02484375 0.14101851851851852
0 0.41575260416666665 0.4292453703703704 0.02086979166666667 0.10063888888888889
0 0.5146614583333334 0.2248611111111111 0.01973958333333333 0.08083333333333333
0 0.34202604166666667 0.2876388888888889 0.01921875 0.08853703703703704
0 0.85 0.7197685185185185 0.02354166666666667 0.1386111111111111
0 0.5730989583333332 0.32666203703703706 0.02375 0.08387962962962964
0 0.6053541666666666 0.31565740740740744 0.024270833333333335 0.08398148148148149
