0 0.33064062499999997 0.4716851851851852 0.02453125 0.11425925925925927
0 0.015520833333333334 0.49833333333333335 0.03104166666666667 0.12703703703703703
0 0.32864583333333336 0.7564814814814815 0.029895833333333333 0.1437037037037037
0 0.6203645833333333 0.3112962962962963 0.022708333333333334 0.09037037037037036
0 0.486484375 0.42625 0.02015625 0.09787037037037037
0 0.6576041666666668 0.5048935185185185 0.01996875 0.11837962962962963
0 0.24408854166666666 0.40629629629629627 0.03328125 0.09981481481481481
0 0.5151041666666667 0.23439814814814816 0.02375 0.08212962962962964
0 0.364375 0.292962962962963 0.020729166666666667 0.08666666666666666
0 0.56859375 0.32578703703703704 0.025520833333333333 0.09046296296296297
0 0.05796875 0.5218981481481482 0.03354166666666667 0.11527777777777778
0 0.8095312499999999 0.35064814814814815 0.017395833333333333 0.08833333333333333
0 0.4620833333333333 0.1748611111111111 0.014479166666666666 0.07824074074074074
0 0.9910677083333334 0.8208101851851852 0.017864583333333333 0.11763888888888889
0 0.8392760416666667 0.4426944444444444 0.0325 0.0976111111111111
0 0.5178385416666667 0.7325509259259259 0.026927083333333334 0.13806481481481483
0 0.8799739583333334 0.7497222222222223 0.026093750000000002 0.14166666666666666
