0 0.6188020833333333 0.43597222222222226 0.024270833333333335 0.10472222222222222
0 0.017109375 0.941574074074074 0.03421875 0.11685185185185186
0 0.237265625 0.4787037037037037 0.04380208333333333 0.11148148148148149
0 0.44459635416666665 0.5703333333333334 0.03650520833333334 0.12294444444444444
0 0.08040625 0.8211296296296297 0.042708333333333334 0.1449074074074074
0 0.58375 0.2136574074074074 0.026875 0.08324074074074074
0 0.711234375 0.9563888888888887 0.02903125 0.08722222222222223
0 0.007072916666666667 0.7259212962962963 0.014145833333333333 0.11743518518518518
0 0.6643749999999999 0.25578703703703703 0.023197916666666665 0.07138888888888888
0 0.5886666666666667 0.28314814814814815 0.022239583333333333 0.07137037037037038
0 0.939609375 0.3640277777777778 0.018281250000000002 0.08861111111111111
0 0.4993489583333333 0.4250925925925926 0.025364583333333336 0.10407407407407408
0 0.05509635416666667 0.6093518518518519 0.034046875000000004 0.12407407407407407
0 0.8015104166666667 0.5218518518518519 0.02625 0.11333333333333334
