0 0.026536458333333336 0.5286574074074074 0.030260416666666668 0.12564814814814815
0 0.31593750000000004 0.7596759259259259 0.03135416666666667 0.15138888888888888
0 0.8150104166666666 0.34771296296296295 0.018020833333333333 0.0887037037037037
0 0.40613541666666664 0.28491203703703705 0.02175 0.08228703703703705
0 0.5248958333333333 0.24409722222222222 0.021083333333333332 0.07647222222222222
0 0.5668229166666666 0.3183796296296296 0.024791666666666667 0.09027777777777778
0 0.33343749999999994 0.4649074074074074 0.02375 0.11648148148148148
0 0.4627083333333334 0.18569444444444447 0.018958333333333334 0.08916666666666666
0 0.6335364583333333 0.30025 0.03442708333333333 0.08074074074074074
0 0.90025 0.7715740740740741 0.039385416666666666 0.1451851851851852
0 0.5264739583333333 0.7535925925925926 0.036083333333333335 0.1400925925925926
0 0.6579348958333334 0.5023148148148148 0.022473958333333332 0.1100925925925926
0 0.5327604166666666 0.4201851851851852 0.019895833333333335 0.09814814814814815
0 0.013932291666666667 0.5063425925925926 0.027864583333333335 0.12138888888888888
0 0.23481770833333335 0.40958333333333335 0.03598958333333333 0.1087962962962963
0 0.8301822916666666 0.4455092592592592 0.028489583333333336 0.10268518518518518
