0 0.6627838541666667 0.49811111111111117 0.023484375000000002 0.11449999999999999
0 0.47604166666666664 0.28199074074074076 0.028958333333333332 0.0787962962962963
0 0.4646197916666666 0.20376388888888888 0.019947916666666666 0.08197222222222222
0 0.5703385416666666 0.32037037037037036 0.03421875 0.08074074074074074
0 0.5573697916666667 0.2558240740740741 0.020781249999999998 0.08081481481481481
0 0.31497395833333336 0.7562037037037037 0.030260416666666668 0.15222222222222223
0 0.5407291666666667 0.7680555555555556 0.0353125 0.1437037037037037
0 0.6192395833333334 0.3046574074074074 0.036875 0.06759259259259259
0 0.558203125 0.4143981481481482 0.024739583333333332 0.09805555555555556
0 0.015130208333333334 0.5397222222222222 0.030260416666666668 0.12314814814814815
0 0.8221223958333332 0.34611574074074075 0.021005208333333334 0.08576851851851851
0 0.35234375 0.46435185185185185 0.022864583333333334 0.12164814814814814
0 0.8296041666666666 0.4475092592592593 0.01884375 0.10674074074074075
0 0.004765625 0.5649398148148148 0.00953125 0.037898148148148146
0 0.21898437499999998 0.4187962962962963 0.03536458333333334 0.11277777777777777
0 0.9145833333333333 0.7862222222222223 0.030041666666666668 0.14725925925925926
