0 0.5321614583333333 0.27337962962962964 0.017239583333333332 0.0687962962962963
0 0.1919505208333333 0.42087962962962966 0.033234375000000003 0.10851851851851853
0 0.54515625 0.7722592592592593 0.033229166666666664 0.14527777777777778
0 0.8330729166666667 0.4370833333333333 0.021145833333333332 0.09731481481481481
0 0.36455729166666667 0.4519444444444445 0.02265625 0.11907407407407407
0 0.5756223958333333 0.40408796296296295 0.027036458333333332 0.10571296296296297
0 0.30953125 0.7487546296296296 0.03140625 0.14358333333333334
0 0.5293203125 0.30913425925925925 0.03869270833333334 0.07549074074074075
0 0.4680963541666667 0.20132407407407407 0.019338541666666667 0.08388888888888889
0 0.55740625 0.29446759259259264 0.03104166666666667 0.07865740740740741
0 0.82 0.33468981481481486 0.023791666666666666 0.09426851851851852
0 0.5851354166666667 0.26875925925925925 0.020052083333333335 0.07101851851851852
0 0.9291666666666667 0.7923564814814814 0.029125 0.14780555555555555
0 0.659375 0.49375 0.0275 0.11101851851851853
