0 0.5872161458333333 0.28176388888888887 0.026411458333333335 0.05976851851851851
0 0.3012265625 0.7347777777777779 0.027453125000000002 0.15133333333333332
0 0.6132421874999999 0.2872361111111111 0.03925520833333333 0.07628703703703704
0 0.7961770833333333 0.3290324074074074 0.02276041666666667 0.07519444444444444
0 0.6511979166666667 0.48308333333333336 0.0196875 0.11629629629629629
0 0.5898411458333332 0.39228703703703705 0.030973958333333333 0.08935185185185185
0 0.18131510416666666 0.4199166666666667 0.027869791666666664 0.11546296296296296
0 0.8307578125 0.4278472222222222 0.021453125 0.10193518518518518
0 0.37515625 0.44157407407407406 0.0309375 0.11388888888888889
0 0.4575260416666667 0.300462962962963 0.033177083333333336 0.08203703703703703
0 0.46635416666666674 0.1997685185185185 0.0153125 0.0862037037037037
0 0.47434895833333335 0.28171296296296294 0.029114583333333333 0.0787962962962963
0 0.9310416666666667 0.7895740740740741 0.029500000000000002 0.15144444444444444
0 0.5453671875 0.7696712962962963 0.034484375 0.14719444444444443
0 0.0035130208333333333 0.5341898148148148 0.0070260416666666665 0.028712962962962964
