0 0.6190364583333333 0.2974074074074074 0.027864583333333335 0.08370370370370371
0 0.5577630208333333 0.76075 0.029932291666666666 0.14959259259259258
0 0.9507135416666667 0.7825925925925925 0.02814583333333333 0.1512037037037037
0 0.6579739583333333 0.47188888888888886 0.0271875 0.11748148148148148
0 0.4377838541666667 0.2698240740740741 0.029255208333333334 0.07324074074074073
0 0.48623958333333334 0.19281481481481483 0.025260416666666667 0.08361111111111111
0 0.30052083333333335 0.7167592592592593 0.0321875 0.1446296296296296
0 0.18159375000000003 0.41315740740740736 0.026354166666666668 0.11694444444444445
0 0.585109375 0.3824351851851852 0.03145833333333333 0.10057407407407408
0 0.5948515625 0.28949074074074077 0.027067708333333333 0.06583333333333333
0 0.7678385416666667 0.3217731481481481 0.0359375 0.08149074074074074
0 0.3998177083333333 0.29953703703703705 0.045885416666666665 0.08203703703703703
0 0.02428125 0.5232268518518519 0.026114583333333333 0.11576851851851852
0 0.8439479166666667 0.41503703703703704 0.02805208333333333 0.10148148148148148
0 0.39591145833333335 0.42624999999999996 0.041093750000000005 0.10490740740740741
