0 0.6237239583333334 0.28768518518518515 0.02359375 0.0787037037037037
0 0.7198802083333332 0.4619027777777778 0.030000000000000002 0.11475
0 0.6332447916666666 0.3778287037037037 0.04119791666666666 0.0878425925925926
0 0.8076302083333332 0.3143611111111111 0.025625000000000002 0.08653703703703704
0 0.5253802083333333 0.24207870370370368 0.023083333333333334 0.08319444444444445
0 0.5731822916666667 0.18325925925925926 0.029458333333333333 0.07833333333333332
0 0.2396875 0.399537037037037 0.027916666666666666 0.11148148148148149
0 0.076796875 0.4791203703703704 0.040468750000000005 0.11046296296296296
0 0.6263802083333333 0.7357407407407408 0.02713541666666667 0.1461111111111111
0 0.6412760416666666 0.29791666666666666 0.029114583333333333 0.09157407407407409
0 0.35912499999999997 0.6805555555555556 0.030520833333333334 0.1487037037037037
0 0.911484375 0.4014351851851852 0.026822916666666665 0.10379629629629629
0 0.4610416666666667 0.3959722222222223 0.034895833333333334 0.10379629629629629
0 0.426015625 0.2960185185185185 0.033177083333333336 0.08425925925925926
0 0.13123958333333335 0.47099537037037037 0.027625 0.1093425925925926
