0 0.8055416666666667 0.431837962962963 0.020989583333333332 0.11373148148148148
0 0.6585104166666667 0.16669907407407408 0.025822916666666664 0.08037962962962963
0 0.8686197916666667 0.31827314814814817 0.024895833333333332 0.09328703703703704
0 0.5328385416666667 0.3646574074074074 0.04695833333333333 0.08101851851851852
0 0.4356666666666667 0.6358333333333334 0.03109375 0.13305555555555554
0 0.70234375 0.6963425925925926 0.029791666666666668 0.1439814814814815
0 0.6546302083333334 0.30127777777777776 0.02411458333333333 0.09546296296296296
0 0.013794270833333334 0.7203333333333333 0.027588541666666667 0.145
0 0.022893229166666664 0.5552592592592592 0.03183854166666667 0.12462962962962962
0 0.6361979166666667 0.22290277777777776 0.01885416666666667 0.07530555555555556
0 0.23861979166666666 0.4126944444444445 0.02890625 0.10437037037037036
0 0.6423463541666667 0.2912824074074074 0.025317708333333334 0.08369444444444445
0 0.3059114583333333 0.377037037037037 0.02765625 0.10833333333333334
0 0.5014270833333333 0.3035092592592592 0.027291666666666665 0.08361111111111111
0 0.22065885416666667 0.4205925925925926 0.03944270833333333 0.10877777777777778
0 0.6759114583333333 0.3817407407407407 0.03760416666666667 0.09785185185185186
0 0.9921093750000001 0.3886435185185185 0.01578125 0.10382407407407407
