0 0.622671875 0.3545462962962963 0.028927083333333332 0.07625925925925926
0 0.7266354166666668 0.22183796296296296 0.016385416666666666 0.0853425925925926
0 0.49661458333333336 0.584861111111111 0.0271875 0.12805555555555556
0 0.3227473958333334 0.3836851851851852 0.025619791666666666 0.09435185185185185
0 0.3925208333333333 0.3608287037037037 0.023489583333333335 0.10797222222222222
0 0.9104609375 0.3172777777777778 0.025067708333333334 0.09501851851851852
0 0.625578125 0.28020833333333334 0.02140625 0.08539814814814815
0 0.10881510416666668 0.6511666666666667 0.028536458333333334 0.1437962962962963
0 0.6758645833333332 0.3029722222222222 0.026614583333333334 0.09583333333333334
0 0.5936979166666667 0.3110648148148148 0.0359375 0.09009259259259259
0 0.6791927083333333 0.3844722222222222 0.022500000000000003 0.09972222222222223
0 0.7534244791666667 0.6576574074074074 0.030078125 0.13157407407407407
0 0.7225546875000001 0.15438425925925928 0.022244791666666666 0.07771296296296297
0 0.12398177083333332 0.514462962962963 0.024036458333333333 0.12253703703703704
0 0.88203125 0.4006018518518519 0.022916666666666665 0.10842592592592593
0 0.32937500000000003 0.36263888888888884 0.03197916666666666 0.10305555555555555
