0 0.7439088541666666 0.1505 0.023671875000000002 0.07411111111111111
0 0.7481119791666667 0.6332037037037037 0.025994791666666666 0.13148148148148148
0 0.4935260416666667 0.5490092592592594 0.028874999999999998 0.1227962962962963
0 0.6164270833333333 0.395212962962963 0.048364583333333336 0.0987962962962963
0 0.6685130208333333 0.3596759259259259 0.036932291666666665 0.03638888888888889
0 0.38061979166666665 0.3340601851851852 0.03229166666666667 0.0916388888888889
0 0.42001562500000006 0.3540277777777778 0.03369791666666667 0.10194444444444443
0 0.6416171875 0.34625 0.03581770833333333 0.10183333333333333
0 0.650171875 0.32306018518518514 0.022239583333333333 0.09982407407407408
0 0.13496875 0.6064444444444445 0.02765625 0.13518518518518519
0 0.7624947916666667 0.2245 0.017083333333333332 0.08703703703703704
0 0.8904947916666667 0.3973611111111111 0.03036458333333333 0.09620370370370371
0 0.9032552083333333 0.3252777777777778 0.018281250000000002 0.09814814814814815
0 0.3853229166666666 0.38404166666666667 0.02802083333333333 0.09774999999999999
0 0.011177083333333334 0.3547314814814815 0.022354166666666668 0.08953703703703704
0 0.5581718749999999 0.28781481481481486 0.03630208333333333 0.08481481481481482
0 0.15722395833333333 0.49574999999999997 0.022864583333333334 0.11718518518518518
