0 0.8775625 0.39222222222222225 0.024166666666666666 0.10312962962962963
0 0.17005208333333333 0.4765740740740741 0.02822916666666667 0.11592592592592593
0 0.14023697916666666 0.577662037037037 0.03771354166666666 0.12104629629629629
0 0.7702604166666667 0.2245462962962963 0.0256875 0.08694444444444445
0 0.8609947916666666 0.32678703703703704 0.029281249999999998 0.09551851851851852
0 0.6471874999999999 0.31328703703703703 0.0240625 0.09287037037037037
0 0.4214322916666667 0.34078703703703705 0.016302083333333335 0.1050925925925926
0 0.7227291666666666 0.6063425925925925 0.03258333333333333 0.1316111111111111
0 0.4324479166666667 0.31296296296296294 0.023125 0.09351851851851851
0 0.6605208333333333 0.34685185185185186 0.029062499999999998 0.04462962962962963
0 0.025625000000000002 0.34328703703703706 0.025 0.1087962962962963
0 0.4031927083333333 0.3905324074074074 0.016364583333333335 0.11843518518518519
0 0.7548697916666668 0.14050925925925925 0.023072916666666665 0.08018518518518518
0 0.6535989583333333 0.3533888888888889 0.004218749999999999 0.01361111111111111
0 0.6189739583333334 0.3315277777777778 0.022291666666666664 0.10453703703703704
0 0.5289583333333333 0.38939814814814816 0.03239583333333333 0.09768518518518518
0 0.501875 0.2940277777777777 0.0228125 0.08453703703703704
0 0.4161432291666667 0.35314814814814816 0.005119791666666667 0.015148148148148148
0 0.4764895833333333 0.5228703703703703 0.03053125 0.11583333333333333
