0 0.8098151041666666 0.5072824074074074 0.021848958333333335 0.12171296296296295
0 0.03168489583333333 0.5920648148148149 0.029109375 0.13675925925925925
0 0.6787239583333332 0.9482870370370369 0.03109375 0.10342592592592594
0 0.20637760416666667 0.4791898148148148 0.037140625000000003 0.11749074074074074
0 0.9186822916666667 0.3495185185185185 0.034874999999999996 0.09009259259259259
0 0.6245416666666667 0.4130972222222223 0.022135416666666668 0.10204629629629629
0 0.021010416666666663 0.7945787037037036 0.03921875 0.15836111111111112
0 0.599625 0.27511111111111114 0.02421875 0.06981481481481482
0 0.6706770833333332 0.2564814814814815 0.021979166666666668 0.06962962962962964
0 0.4959114583333334 0.4140462962962963 0.03536458333333334 0.08888888888888889
0 0.040502604166666664 0.9177222222222222 0.03444270833333333 0.15785185185185185
0 0.58165625 0.2115324074074074 0.02373958333333333 0.08336111111111111
0 0.4102864583333333 0.5526851851851852 0.03015625 0.12185185185185185
