0 0.46783854166666666 0.3980092592592593 0.025156249999999998 0.10416666666666667
0 0.011903645833333334 0.3399351851851852 0.021755208333333335 0.11316666666666667
0 0.4592265625 0.2873981481481481 0.019369791666666667 0.0937962962962963
0 0.7057031249999999 0.5875925925925926 0.029531250000000002 0.1274074074074074
0 0.7471614583333334 0.1436574074074074 0.023489583333333335 0.08305555555555556
0 0.44174739583333333 0.31430555555555556 0.021078125 0.0991851851851852
0 0.8338020833333334 0.3112962962962963 0.019479166666666665 0.09703703703703703
0 0.4839505208333333 0.5233981481481481 0.040651041666666665 0.1067037037037037
0 0.8910677083333333 0.4039814814814815 0.02453125 0.10888888888888888
0 0.635234375 0.3338888888888889 0.01921875 0.05925925925925926
0 0.5884895833333333 0.31155555555555553 0.03854166666666667 0.08601851851851852
0 0.39352864583333336 0.40214351851851854 0.015057291666666667 0.11778703703703704
0 0.40007812500000006 0.3358333333333333 0.015052083333333332 0.10648148148148148
0 0.9285729166666666 0.3486111111111111 0.023 0.097
0 0.17036458333333335 0.5679166666666667 0.03229166666666667 0.1212037037037037
0 0.17895833333333336 0.47819444444444437 0.02322916666666667 0.11953703703703702
0 0.7601666666666667 0.2326111111111111 0.01872916666666667 0.08935185185185185
0 0.6223437500000001 0.3148148148148148 0.017916666666666668 0.09425925925925925
