0 0.62290625 0.15633333333333332 0.020677083333333336 0.07935185185185185
0 0.336375 0.2984675925925926 0.018791666666666665 0.09321296296296297
0 0.9843984375 0.6290185185185185 0.029984375 0.13612962962962963
0 0.33307291666666666 0.3229166666666667 0.0278125 0.1012037037037037
0 0.27203125 0.3531944444444445 0.03260416666666667 0.10805555555555556
0 0.27666666666666667 0.4261111111111111 0.025625000000000002 0.11944444444444445
0 0.5120833333333333 0.3112962962962963 0.03979166666666667 0.08296296296296296
0 0.48792447916666665 0.33504629629629634 0.036359375 0.08561111111111111
0 0.8185416666666667 0.4166203703703704 0.0321875 0.1126851851851852
0 0.50909375 0.32439814814814816 0.034833333333333334 0.0787962962962963
0 0.6436458333333335 0.2553240740740741 0.030083333333333333 0.08759259259259258
0 0.4413463541666667 0.5519583333333332 0.036015625 0.10936111111111112
0 0.08582552083333334 0.5936064814814815 0.029567708333333335 0.12736111111111112
0 0.05677083333333333 0.5052777777777778 0.0328125 0.11944444444444445
0 0.6835885416666667 0.3141574074074074 0.026395833333333334 0.07944444444444444
0 0.3205416666666666 0.4208425925925926 0.025135416666666667 0.10864814814814815
0 0.6006510416666667 0.5879814814814814 0.042124999999999996 0.1187962962962963
0 0.7399427083333333 0.3319722222222222 0.04242708333333333 0.06296296296296296
