0 0.5266145833333333 0.12800925925925927 0.023125 0.08435185185185184
0 0.46563020833333335 0.5640185185185186 0.04307291666666667 0.12675925925925927
0 0.9049739583333334 0.5852777777777778 0.024635416666666667 0.13074074074074074
0 0.0171875 0.6040833333333333 0.034375 0.13083333333333336
0 0.5872916666666667 0.29060185185185183 0.03104166666666667 0.07712962962962963
0 0.4947552083333333 0.3048796296296296 0.023885416666666666 0.09935185185185184
0 0.42739583333333336 0.3446296296296297 0.03890625 0.08583333333333333
0 0.46619791666666666 0.32472222222222225 0.0334375 0.09092592592592592
0 0.16294270833333335 0.4203425925925926 0.022166666666666668 0.12462962962962962
0 0.25338541666666664 0.41175925925925927 0.041666666666666664 0.10185185185185185
0 0.7985703125000001 0.39518518518518514 0.03497395833333334 0.11474074074074074
0 0.23278645833333333 0.2973611111111111 0.01609375 0.10268518518518518
0 0.24828124999999998 0.2748055555555556 0.020104166666666666 0.09435185185185185
0 0.164765625 0.3347222222222222 0.021614583333333333 0.11481481481481481
0 0.5760052083333334 0.23030092592592594 0.02296875 0.0868425925925926
0 0.9944036458333333 0.6151435185185186 0.011192708333333332 0.13302777777777777
0 0.5600729166666666 0.5445740740740741 0.0284375 0.12944444444444445
0 0.5688072916666668 0.3247685185185185 0.028802083333333332 0.07657407407407407
