0 0.0507421875 0.5823518518518519 0.046390625 0.13274074074074074
0 0.4804947916666667 0.2875462962962963 0.023385416666666665 0.10472222222222222
0 0.6193958333333334 0.25731481481481483 0.03544791666666667 0.08953703703703704
0 0.4736015625 0.3039861111111111 0.053109375 0.09039814814814814
0 0.8165572916666668 0.3474305555555556 0.0353125 0.10750925925925926
0 0.5630989583333332 0.4791203703703704 0.032135416666666666 0.11842592592592593
0 0.2731302083333333 0.38112962962962965 0.025645833333333333 0.10718518518518519
0 0.5361510416666667 0.19525 0.02313541666666667 0.09166666666666666
0 0.48155729166666666 0.0827962962962963 0.01484375 0.08842592592592592
0 0.19184895833333332 0.2582453703703703 0.021500000000000002 0.10426851851851852
0 0.9563281250000001 0.50125 0.04442708333333333 0.12583333333333332
0 0.453703125 0.3560833333333333 0.06276041666666667 0.04638888888888889
0 0.5543541666666666 0.3173518518518519 0.022125 0.08944444444444444
0 0.11031250000000001 0.3014351851851852 0.028645833333333332 0.11564814814814815
0 0.20801302083333334 0.23684259259259258 0.025338541666666665 0.09703703703703703
0 0.5570572916666666 0.5343935185185185 0.04847916666666666 0.12930555555555556
0 0.1010078125 0.3904444444444444 0.02921354166666667 0.1272777777777778
0 0.8619010416666666 0.47736111111111107 0.027864583333333335 0.11231481481481481
