0 0.6618671875000001 0.3459675925925926 0.025578125 0.10276851851851851
0 0.22237500000000002 0.24372222222222226 0.02225 0.091
0 0.9854166666666667 0.4780231481481481 0.029166666666666667 0.1269722222222222
0 0.221015625 0.2636111111111111 0.025156249999999998 0.10037037037037037
0 0.7288854166666667 0.27555555555555555 0.030989583333333334 0.09953703703703703
0 0.10341666666666667 0.39713425925925927 0.029208333333333333 0.12730555555555556
0 0.515703125 0.07539814814814816 0.028552083333333332 0.08222222222222222
0 0.5893776041666666 0.45454629629629634 0.032921875 0.11361111111111111
0 0.9104739583333334 0.3590277777777778 0.024635416666666667 0.09333333333333334
0 0.1404921875 0.30403240740740745 0.026401041666666666 0.11573148148148148
0 0.1770546875 0.5949583333333333 0.041328125 0.1354537037037037
0 0.2984635416666667 0.3925 0.030677083333333334 0.11722222222222221
0 0.677421875 0.553888888888889 0.040468750000000005 0.1175925925925926
0 0.8520833333333333 0.44406481481481486 0.02265625 0.11594444444444445
0 0.5603854166666665 0.35185185185185186 0.030802083333333334 0.09751851851851852
0 0.5637760416666667 0.19162037037037036 0.02296875 0.09509259259259259
0 0.4829166666666667 0.33240740740740743 0.025729166666666668 0.10222222222222223
0 0.447578125 0.33587962962962964 0.03796875 0.0762037037037037
