0 0.250078125 0.28726851851851853 0.02390625 0.09861111111111111
0 0.501953125 0.28724074074074074 0.02015625 0.10518518518518517
0 0.5438385416666667 0.3478703703703704 0.023177083333333334 0.10296296296296296
0 0.22169270833333332 0.3003240740740741 0.022864583333333334 0.10157407407407408
0 0.5746067708333332 0.8901388888888889 0.027244791666666667 0.1587962962962963
0 0.07026041666666667 0.44330555555555556 0.026406250000000003 0.11018518518518519
0 0.51628125 0.05112962962962963 0.0165625 0.07611111111111112
0 0.5899947916666667 0.47771759259259267 0.024468749999999997 0.11297222222222222
0 0.9591562499999999 0.20292592592592593 0.028177083333333335 0.08768518518518519
0 0.6854791666666666 0.36212037037037037 0.021458333333333336 0.1025925925925926
0 0.24563541666666666 0.5717407407407408 0.02822916666666667 0.12796296296296295
0 0.5936822916666668 0.2411203703703704 0.024687499999999998 0.09
0 0.15104166666666666 0.37625000000000003 0.02364583333333333 0.11962962962962961
0 0.30505468750000003 0.40628703703703706 0.024869791666666665 0.10898148148148148
0 0.613625 0.23853703703703705 0.018541666666666668 0.07685185185185185
0 0.30321875 0.2373148148148148 0.024010416666666666 0.08888888888888889
0 0.8948411458333333 0.5303240740740741 0.027307291666666667 0.13487037037037036
0 0.67296875 0.5370833333333332 0.023958333333333335 0.12203703703703704
0 0.7037526041666666 0.6151296296296296 0.022317708333333335 0.13044444444444445
