0 0.6368489583333333 0.22517592592592592 0.02255208333333333 0.08092592592592593
0 0.5631770833333333 0.3554166666666667 0.02322916666666667 0.09972222222222223
0 0.24822395833333333 0.29440740740740745 0.02703125 0.10805555555555556
0 0.270953125 0.2734722222222222 0.021875 0.09462962962962963
0 0.315671875 0.39940740740740743 0.028541666666666667 0.10731481481481482
0 0.5683281250000001 0.2483101851851852 0.038489583333333334 0.07087962962962963
0 0.2805520833333333 0.5833333333333334 0.02984375 0.1312962962962963
0 0.7809114583333333 0.3568148148148148 0.02484375 0.10092592592592593
0 0.190171875 0.376 0.024166666666666666 0.11842592592592593
0 0.5178932291666667 0.2705925925925926 0.023390624999999998 0.09083333333333332
0 0.7422447916666667 0.5320462962962963 0.025677083333333333 0.11988888888888888
0 0.09374479166666667 0.42850000000000005 0.03113541666666667 0.11781481481481482
0 0.5335338541666667 0.06617592592592593 0.015973958333333333 0.07833333333333332
0 0.3841927083333333 0.23646296296296296 0.019947916666666666 0.08888888888888889
0 0.9624218750000001 0.20497222222222222 0.022083333333333333 0.08842592592592592
0 0.9961119791666666 0.5713101851851852 0.007776041666666666 0.10806481481481481
0 0.5304947916666667 0.8901851851851852 0.03526041666666667 0.15888888888888889
0 0.7544453125 0.6385231481481481 0.023057291666666667 0.13310185185185186
0 0.6539114583333333 0.4508842592592593 0.021374999999999998 0.11512037037037037
