0 0.6314166666666666 0.3642037037037037 0.03395833333333333 0.10694444444444444
0 0.39932291666666664 0.40675925925925926 0.03260416666666667 0.09685185185185184
0 0.488671875 0.25684259259259257 0.026927083333333334 0.07685185185185185
0 0.884546875 0.3602870370370371 0.03526041666666667 0.09601851851851852
0 0.7178177083333334 0.22221296296296297 0.02921875 0.07833333333333332
0 0.18372395833333333 0.42000000000000004 0.025260416666666667 0.10462962962962963
0 0.5904010416666666 0.8969351851851851 0.03338541666666666 0.16185185185185186
0 0.293828125 0.37560185185185185 0.02578125 0.11527777777777778
0 0.3762994791666667 0.26687037037037037 0.018848958333333332 0.08972222222222223
0 0.566171875 0.2651527777777778 0.030406250000000003 0.09126851851851851
0 0.36035677083333334 0.29326851851851854 0.022796875 0.10896296296296297
0 0.8778125 0.5524074074074075 0.024687499999999998 0.12666666666666668
0 0.39372395833333335 0.597824074074074 0.026927083333333334 0.13564814814814816
0 0.621484375 0.08481944444444443 0.025114583333333333 0.07723148148148148
0 0.8724296875 0.6704166666666667 0.031140624999999998 0.1426851851851852
0 0.7942187500000001 0.43754629629629627 0.022916666666666665 0.11138888888888888
0 0.5821614583333333 0.25643518518518515 0.030260416666666668 0.08583333333333333
