0 0.9892552083333334 0.5945 0.021489583333333333 0.13812962962962963
0 0.565859375 0.2518796296296296 0.016458333333333335 0.08796296296296297
0 0.8711067708333334 0.4255925925925926 0.024317708333333334 0.11090740740740741
0 0.18786458333333336 0.4277037037037037 0.03291666666666667 0.11592592592592593
0 0.4742395833333333 0.6363055555555556 0.027395833333333335 0.14155555555555555
0 0.64384375 0.3844212962962963 0.023114583333333334 0.11489814814814815
0 0.5565625 0.2748055555555556 0.03671875 0.08372222222222223
0 0.9538281249999999 0.7233333333333334 0.033625 0.1504814814814815
0 0.5881145833333332 0.2823611111111112 0.029770833333333333 0.08662962962962963
0 0.3098958333333333 0.39673148148148146 0.02822916666666667 0.12074074074074075
0 0.3866197916666667 0.42477314814814815 0.029885416666666668 0.10926851851851853
0 0.7137291666666666 0.23918518518518517 0.020885416666666667 0.08546296296296296
0 0.9184479166666666 0.38016666666666665 0.028177083333333335 0.1087962962962963
0 0.405734375 0.3142314814814815 0.023072916666666665 0.11333333333333334
0 0.4249739583333333 0.2787222222222222 0.021927083333333333 0.09481481481481482
0 0.674421875 0.10712962962962962 0.018020833333333333 0.08120370370370371
0 0.6270416666666667 0.9257222222222222 0.0515625 0.14855555555555555
