0 0.6472447916666667 0.3914537037037037 0.030208333333333334 0.08037037037037037
0 0.6388203125 0.9309120370370371 0.036265624999999996 0.13817592592592592
0 0.05609374999999999 0.8667407407407407 0.03166666666666666 0.1637037037037037
0 0.9972890624999999 0.8208101851851852 0.0054218750000000005 0.10963888888888888
0 0.009937499999999998 0.5745370370370371 0.019874999999999997 0.14135185185185184
0 0.8238177083333333 0.48443055555555553 0.02453125 0.11400925925925925
0 0.893234375 0.34106481481481477 0.026614583333333334 0.09066666666666667
0 0.5392734375 0.3852314814814815 0.031713541666666664 0.08537037037037037
0 0.5859765625000001 0.20342592592592595 0.025911458333333335 0.08499999999999999
0 0.17256510416666665 0.4681574074074074 0.03624479166666667 0.12207407407407407
0 0.37763020833333333 0.5175925925925926 0.030989583333333334 0.12148148148148147
0 0.6767760416666667 0.26049074074074074 0.02364583333333333 0.08398148148148149
0 0.6023177083333332 0.27314814814814814 0.02276041666666667 0.0762962962962963
