0 0.40505729166666665 0.34502777777777777 0.04302083333333333 0.10342592592592594
0 0.18825520833333334 0.4543518518518519 0.03692708333333334 0.12148148148148147
0 0.6594895833333332 0.41403703703703704 0.036041666666666666 0.11037037037037037
0 0.9982161458333334 0.7068888888888889 0.0035677083333333333 0.01937037037037037
0 0.7045052083333333 0.13593055555555555 0.03392708333333334 0.08037962962962963
0 0.6309375 0.3070092592592593 0.02890625 0.10342592592592594
0 0.9363020833333332 0.3969814814814815 0.03057291666666667 0.10231481481481482
0 0.7111093749999999 0.26264351851851847 0.023177083333333334 0.08760185185185185
0 0.539828125 0.26616666666666666 0.0326875 0.06988888888888889
0 0.45530468749999997 0.31428703703703703 0.030244791666666666 0.09277777777777778
0 0.9023463541666666 0.43716666666666665 0.028640625 0.10868518518518518
0 0.6593802083333333 0.9407638888888888 0.029104166666666667 0.11847222222222223
0 0.3577630208333334 0.46312037037037035 0.04030729166666667 0.1012037037037037
0 0.5636979166666668 0.2942222222222222 0.04286458333333333 0.0787962962962963
0 0.29796875 0.4278703703703704 0.0421875 0.11222222222222222
0 0.5491614583333333 0.6855277777777777 0.024791666666666667 0.14301851851851852
