0 0.5239947916666666 0.34532407407407406 0.02203125 0.1065
0 0.7538541666666666 0.9623425925925925 0.03423958333333333 0.07531481481481482
0 0.236625 0.4701574074074074 0.04171875 0.11574074074074074
0 0.4436614583333333 0.36244444444444446 0.04 0.10546296296296297
0 0.32022395833333334 0.44731481481481483 0.045947916666666665 0.12083333333333333
0 0.996453125 0.41047222222222224 0.007093749999999999 0.008222222222222223
0 0.7758333333333334 0.15162962962962961 0.02705208333333333 0.08148148148148149
0 0.7150442708333333 0.33621296296296294 0.03472395833333333 0.09922222222222223
0 0.5781640624999999 0.30397222222222225 0.035390625 0.07894444444444446
0 0.7119114583333332 0.43643518518518515 0.04411458333333333 0.10629629629629629
0 0.5540052083333333 0.2883703703703704 0.04203125 0.08092592592592593
0 0.9768124999999999 0.44746296296296295 0.04334375 0.10438888888888888
0 0.77434375 0.27749999999999997 0.03755208333333333 0.08944444444444444
0 0.6574947916666666 0.7329166666666667 0.03682291666666667 0.1574074074074074
0 0.3596822916666667 0.4753981481481481 0.043333333333333335 0.10675925925925926
