0 0.36792447916666665 0.15349537037037037 0.024265625000000002 0.06276851851851853
0 0.011260416666666667 0.5438842592592592 0.022520833333333334 0.10428703703703704
0 0.02461979166666667 0.49689814814814814 0.025010416666666667 0.10472222222222222
0 0.17558854166666665 0.2978888888888889 0.02796875 0.0763888888888889
0 0.4780729166666667 0.37513888888888886 0.03166666666666666 0.0850925925925926
0 0.44583333333333336 0.43489814814814814 0.0338125 0.08407407407407406
0 0.4662630208333333 0.45405092592592594 0.033203125 0.08982407407407408
0 0.81784375 0.6905925925925926 0.037135416666666664 0.11981481481481482
0 0.296015625 0.12912037037037036 0.014322916666666666 0.06620370370370371
0 0.6211770833333333 0.31154629629629627 0.020468749999999997 0.0674074074074074
0 0.05538020833333334 0.4431481481481482 0.028541666666666667 0.10333333333333333
0 0.6039453125 0.7605462962962963 0.028953125000000003 0.13055555555555556
0 0.47131249999999997 0.3000555555555556 0.023489583333333335 0.07148148148148148
0 0.6775885416666667 0.43728703703703703 0.018281250000000002 0.09064814814814816
0 0.5042916666666667 0.38603703703703707 0.0165625 0.08231481481481483
