0 0.10795572916666667 0.48738425925925927 0.026598958333333332 0.10491666666666667
0 0.5457916666666667 0.31762962962962965 0.03125 0.07466666666666667
0 0.7215156250000001 0.7626990740740741 0.02775 0.13306481481481483
0 0.465 0.16266203703703702 0.020927083333333332 0.06523148148148149
0 0.7120390625 0.34720370370370374 0.026765625 0.07555555555555556
0 0.2654609375 0.3123009259259259 0.02609895833333333 0.07721296296296297
0 0.067859375 0.5267175925925927 0.03419791666666667 0.11487962962962962
0 0.5424895833333333 0.4617731481481481 0.027208333333333334 0.03487962962962963
0 0.19215364583333333 0.43628703703703703 0.03540104166666667 0.08209259259259259
0 0.6658203125 0.41458796296296296 0.03372395833333333 0.08199074074074074
0 0.5715104166666667 0.4615740740740741 0.013333333333333334 0.006851851851851852
0 0.7736979166666667 0.45635185185185184 0.022687500000000003 0.08277777777777778
0 0.9773046875 0.7408981481481481 0.021223958333333334 0.12733333333333335
0 0.39895833333333336 0.1335601851851852 0.01671875 0.06026851851851852
0 0.5704427083333333 0.4611574074074074 0.052656249999999995 0.047314814814814816
0 0.5090078124999999 0.4109675925925926 0.02159895833333333 0.07560185185185185
