0 0.3494348958333333 0.31831944444444443 0.020223958333333333 0.08149074074074074
0 0.536359375 0.16648148148148148 0.01573958333333333 0.06981481481481482
0 0.35270052083333336 0.429 0.028484375 0.09561111111111112
0 0.672078125 0.46246759259259257 0.039364583333333335 0.05732407407407407
0 0.6520755208333334 0.4741203703703703 0.032380208333333334 0.027777777777777776
0 0.48664843750000003 0.1346064814814815 0.014307291666666666 0.06545370370370371
0 0.7413541666666666 0.42779629629629634 0.02975 0.08944444444444444
0 0.4984895833333333 0.4413888888888889 0.043854166666666666 0.08092592592592593
0 0.6744401041666667 0.48127314814814814 0.007546875 0.007879629629629629
0 0.8058307291666666 0.7568287037037037 0.032671874999999996 0.13280555555555557
0 0.8311197916666667 0.46518518518518515 0.029947916666666668 0.08648148148148149
0 0.141328125 0.5078240740740741 0.029114583333333333 0.10953703703703703
0 0.6051041666666667 0.32601851851851854 0.038125 0.0898888888888889
0 0.7754166666666668 0.3667962962962963 0.024625 0.08077777777777777
0 0.13962239583333333 0.9910787037037038 0.03443229166666666 0.017842592592592594
0 0.20792708333333335 0.4742592592592593 0.020083333333333335 0.10351851851851851
0 0.016252604166666667 0.6151620370370371 0.03172395833333333 0.10947222222222222
