0 0.38776041666666666 0.39759259259259255 0.024166666666666666 0.10277777777777777
0 0.8603046875 0.7140277777777778 0.038328125000000005 0.11146296296296296
0 0.4644921875 0.46076388888888886 0.031046874999999998 0.08680555555555555
0 0.7605989583333332 0.42074999999999996 0.0248125 0.08453703703703704
0 0.8127916666666668 0.44869444444444445 0.033749999999999995 0.08587037037037036
0 0.37397916666666664 0.2994074074074074 0.017249999999999998 0.08355555555555555
0 0.5983854166666667 0.30757407407407406 0.018687500000000003 0.08544444444444445
0 0.5474479166666666 0.1511574074074074 0.0175 0.06138888888888889
0 0.16755208333333332 0.4663425925925926 0.02645833333333333 0.10953703703703703
0 0.7738151041666668 0.35793055555555553 0.023536458333333333 0.06941666666666667
0 0.5046093749999999 0.10592592592592594 0.01671875 0.06759259259259259
0 0.022374999999999996 0.5809166666666666 0.03402083333333333 0.11903703703703704
0 0.7043229166666667 0.4109259259259259 0.025625000000000002 0.09351851851851851
0 0.24176041666666667 0.4350185185185185 0.0235625 0.10166666666666667
0 0.193921875 0.9559259259259258 0.042333333333333334 0.08814814814814816
0 0.6868359374999999 0.4478796296296296 0.04283854166666667 0.03275925925925926
