0 0.52203125 0.11425925925925925 0.018541666666666668 0.06166666666666666
0 0.6300104166666667 0.35035185185185186 0.0249375 0.053
0 0.43663020833333327 0.465162037037037 0.038322916666666665 0.09852777777777777
0 0.35831250000000003 0.35062037037037036 0.020802083333333332 0.10642592592592592
0 0.8018541666666668 0.4200740740740741 0.028 0.08333333333333333
0 0.14610416666666667 0.4182962962962963 0.016125 0.11
0 0.9991067708333332 0.7282962962962963 0.0017864583333333335 0.006
0 0.7407604166666667 0.3921296296296296 0.0314375 0.09144444444444445
0 0.47726041666666663 0.0607824074074074 0.010208333333333335 0.06736111111111111
0 0.6518958333333333 0.3949953703703704 0.03557291666666666 0.04384259259259259
0 0.5579947916666667 0.27231481481481484 0.017760416666666667 0.08203703703703703
0 0.9974036458333333 0.6369212962962963 0.005192708333333334 0.012638888888888889
0 0.90796875 0.6535648148148149 0.04125 0.10412962962962963
0 0.22546354166666668 0.3902685185185185 0.03403125 0.09801851851851852
0 0.23892187499999998 0.8745092592592593 0.05535416666666667 0.13392592592592592
0 0.35437500000000005 0.25916666666666666 0.021041666666666667 0.08203703703703703
0 0.7677395833333333 0.3329166666666667 0.023895833333333335 0.07398148148148148
0 0.002924479166666667 0.544337962962963 0.005848958333333334 0.01813888888888889
