0 0.6675494791666667 0.2743703703703704 0.043244791666666664 0.07651851851851851
0 0.36125520833333336 0.5022268518518518 0.027375 0.11906481481481482
0 0.6187994791666667 0.9206805555555555 0.045223958333333335 0.1586388888888889
0 0.5952552083333332 0.1979675925925926 0.02432291666666667 0.08530555555555555
0 0.6324453125 0.3814953703703704 0.04444270833333333 0.07808333333333334
0 0.7424348958333333 0.9850370370370372 0.019140625 0.029925925925925925
0 0.5416380208333335 0.3776296296296296 0.04661979166666667 0.08
0 0.6029583333333334 0.2790092592592593 0.028885416666666667 0.08038888888888888
0 0.870859375 0.33791666666666664 0.029114583333333333 0.08694444444444445
0 0.1745572916666667 0.45962962962962967 0.028697916666666667 0.11444444444444445
0 0.8295885416666666 0.47194907407407405 0.026677083333333334 0.10937962962962963
0 0.06907291666666666 0.8298518518518518 0.0344375 0.15933333333333335
0 0.013846354166666667 0.5704305555555556 0.027692708333333333 0.1370648148148148
0 0.9909192708333333 0.7831435185185186 0.01816145833333333 0.1438611111111111
