0 0.2618515625 0.466287037037037 0.028328125 0.10338888888888889
0 0.508984375 0.3587962962962963 0.02296875 0.08444444444444445
0 0.2828802083333333 0.4714305555555555 0.019125 0.11426851851851852
0 0.06069791666666667 0.27990740740740744 0.0266875 0.08566666666666667
0 0.4913828125 0.4097546296296296 0.016817708333333334 0.11360185185185186
0 0.7659791666666665 0.36546296296296293 0.019125 0.09922222222222223
0 0.25408854166666667 0.48819444444444443 0.025885416666666668 0.10564814814814814
0 0.438921875 0.41964814814814816 0.018125 0.09116666666666666
0 0.39838541666666666 0.43189814814814814 0.0175 0.09712962962962964
0 0.902046875 0.6079074074074073 0.0311875 0.12175925925925926
0 0.7439036458333333 0.42616203703703703 0.030078125 0.10080555555555556
0 0.7472161458333333 0.6214351851851853 0.03938020833333333 0.1182037037037037
0 0.5541249999999999 0.29193518518518513 0.02276041666666667 0.08662962962962963
0 0.19673437500000002 0.3599259259259259 0.027979166666666666 0.09131481481481482
0 0.9200052083333333 0.612712962962963 0.011697916666666667 0.036537037037037035
0 0.9053333333333333 0.54875 0.02625 0.07898148148148147
0 0.8961796875 0.6219166666666668 0.012348958333333333 0.020796296296296295
0 0.38015104166666663 0.46371296296296294 0.021177083333333332 0.10498148148148148
