0 0.0700546875 0.2793333333333333 0.014744791666666666 0.08548148148148148
0 0.5192890625 0.36121296296296296 0.015546875 0.08633333333333333
0 0.7497291666666667 0.4263703703703704 0.030000000000000002 0.09627777777777778
0 0.7548854166666668 0.36224074074074075 0.0225625 0.09522222222222222
0 0.26821614583333336 0.4650092592592593 0.029942708333333335 0.10529629629629629
0 0.3569375 0.46785185185185185 0.007552083333333333 0.04083333333333333
0 0.427734375 0.42685185185185187 0.020677083333333336 0.09444444444444444
0 0.2946875 0.4691574074074074 0.017249999999999998 0.11287037037037037
0 0.911453125 0.5719398148148147 0.02344791666666667 0.12502777777777777
0 0.20424218749999998 0.37043055555555554 0.024151041666666664 0.09119444444444444
0 0.359375 0.4383796296296297 0.019583333333333335 0.0987962962962963
0 0.7846302083333333 0.6321666666666667 0.01882291666666667 0.12266666666666666
0 0.5476875 0.2922175925925926 0.0240625 0.08806481481481482
0 0.9141927083333333 0.606763888888889 0.03569791666666667 0.12119444444444444
0 0.4981302083333334 0.415162037037037 0.024822916666666663 0.10947222222222222
0 0.34864843749999996 0.45920833333333333 0.024276041666666668 0.10325000000000001
0 0.26144791666666667 0.48857407407407405 0.029312500000000002 0.103
