0 0.3267786458333333 0.4555138888888889 0.018411458333333335 0.09639814814814815
0 0.847953125 0.573162037037037 0.027614583333333335 0.10441666666666666
0 0.2469375 0.446412037037037 0.0220625 0.09015740740740741
0 0.2961979166666666 0.4537453703703704 0.015552083333333333 0.08275
0 0.3777604166666667 0.4285185185185185 0.011145833333333332 0.08148148148148149
0 0.4920572916666667 0.3100277777777778 0.020260416666666666 0.07461111111111111
0 0.5274687499999999 0.41968055555555556 0.02805208333333333 0.09178703703703703
0 0.8318932291666666 0.5473194444444445 0.028348958333333334 0.1074537037037037
0 0.7015416666666667 0.4184074074074074 0.021500000000000002 0.08822222222222223
0 0.7757291666666667 0.5986296296296296 0.033 0.09977777777777778
0 0.22231770833333334 0.39925925925925926 0.021197916666666667 0.08092592592592593
0 0.508328125 0.36629629629629634 0.022875 0.07412962962962963
0 0.66953125 0.36666666666666664 0.024583333333333336 0.08277777777777778
0 0.09700520833333333 0.2972222222222222 0.021614583333333333 0.07333333333333333
0 0.2769166666666667 0.5087407407407408 0.029375 0.09155555555555556
0 0.28556510416666664 0.4615787037037037 0.013838541666666667 0.08926851851851851
