0 0.22373958333333335 0.5025648148148149 0.035250000000000004 0.11520370370370371
0 0.9727291666666666 0.7084629629629631 0.0285 0.1501111111111111
0 0.40830468750000004 0.1800277777777778 0.019140625 0.08650000000000001
0 0.4167578125 0.3733935185185185 0.025296875 0.09437962962962963
0 0.7513854166666667 0.506287037037037 0.03801041666666667 0.11750000000000001
0 0.8714322916666667 0.6153240740740742 0.02203125 0.11083333333333334
0 0.7215885416666666 0.24837962962962962 0.022864583333333334 0.08324074074074074
0 0.36592968750000004 0.4881898148148148 0.03333854166666667 0.10541666666666666
0 0.9377395833333334 0.3143611111111111 0.01875 0.08946296296296297
0 0.27796875000000004 0.2860277777777778 0.02325 0.0927962962962963
0 0.43019270833333334 0.032875 0.015885416666666666 0.06575
