0 0.8034166666666668 0.23868518518518522 0.0205 0.08566666666666667
0 0.3301588541666666 0.5228657407407408 0.027192708333333333 0.09978703703703704
0 0.654078125 0.44165740740740744 0.028510416666666667 0.11325925925925925
0 0.5051041666666667 0.37123148148148144 0.027520833333333335 0.10133333333333333
0 0.9057317708333333 0.6373888888888889 0.026369791666666666 0.12783333333333333
0 0.46937500000000004 0.13560185185185183 0.013541666666666667 0.08231481481481483
0 0.2336458333333333 0.42393518518518514 0.023854166666666666 0.10824074074074075
0 0.33232291666666663 0.24557407407407406 0.0198125 0.08388888888888889
0 0.48580729166666664 0.017268518518518516 0.014739583333333334 0.03453703703703703
0 0.8832005208333332 0.5452962962962963 0.03506770833333333 0.12177777777777779
