0 0.717421875 0.2887962962962963 0.014635416666666668 0.07351851851851852
0 0.015661458333333333 0.7053888888888888 0.031322916666666666 0.12855555555555556
0 0.35607291666666663 0.6959074074074074 0.033 0.12516666666666668
0 0.8350520833333335 0.5718055555555556 0.023854166666666666 0.10916666666666668
0 0.83125 0.3458333333333333 0.023125 0.09333333333333334
0 0.18046875 0.8930740740740741 0.04554166666666667 0.15407407407407409
0 0.6015625 0.4062962962962963 0.03104166666666667 0.09685185185185184
0 0.29765625 0.31995370370370374 0.0334375 0.07731481481481481
0 0.5441666666666667 0.3326388888888889 0.0253125 0.08287037037037037
0 0.25453906249999997 0.7831203703703703 0.03131770833333333 0.1323888888888889
0 0.8565130208333334 0.8286990740740741 0.032651041666666665 0.14632407407407408
0 0.5837760416666666 0.48912037037037037 0.02484375 0.10490740740740741
0 0.45880208333333333 0.39769444444444446 0.019166666666666665 0.0883148148148148
0 0.04419270833333333 0.13171296296296298 0.020468749999999997 0.07416666666666666
0 0.8181875 0.8149583333333333 0.03367708333333333 0.14039814814814813
