0 0.6655625000000001 0.32988888888888884 0.031125 0.08333333333333333
0 0.7458489583333333 0.8829907407407407 0.03498958333333334 0.15555555555555556
0 0.31612499999999993 0.3939583333333333 0.023875 0.09852777777777777
0 0.5058515625 0.5028518518518519 0.023098958333333332 0.11981481481481482
0 0.60434375 0.41150000000000003 0.0344375 0.10255555555555557
0 0.487875 0.3106620370370371 0.02875 0.09023148148148148
0 0.023916666666666666 0.9851111111111109 0.013802083333333333 0.029777777777777775
0 0.31074739583333333 0.7649351851851853 0.030869791666666667 0.14155555555555555
0 0.13149739583333334 0.7674120370370371 0.02849479166666667 0.14408333333333334
0 0.7477838541666666 0.5611527777777778 0.023130208333333332 0.11360185185185186
0 0.7796432291666666 0.8554768518518518 0.029609375 0.16239814814814812
0 0.2263125 0.3404074074074074 0.029395833333333333 0.09251851851851851
0 0.5361979166666667 0.29462962962962963 0.0165625 0.06666666666666667
