0 0.6282265625 0.4158101851851852 0.030140624999999997 0.11462037037037037
0 0.6836432291666666 0.33061574074074074 0.024755208333333334 0.09665740740740741
0 0.14652083333333332 0.7403703703703702 0.029791666666666668 0.1347962962962963
0 0.22633072916666663 0.33671759259259254 0.024578125 0.09610185185185185
0 0.5095572916666666 0.5032407407407408 0.02432291666666667 0.11422222222222222
0 0.7833984375 0.8608842592592593 0.031171875 0.1524722222222222
0 0.3057968750000001 0.3871064814814815 0.025979166666666668 0.0969537037037037
0 0.4938541666666667 0.29310185185185184 0.015208333333333332 0.09287037037037037
0 0.7755624999999999 0.9125601851851851 0.006791666666666666 0.04663888888888889
0 0.7550677083333334 0.5570879629629629 0.023458333333333335 0.12347222222222222
0 0.5062734375000001 0.29844907407407406 0.017557291666666665 0.08810185185185186
0 0.34784895833333335 0.7882453703703703 0.0408125 0.13823148148148148
0 0.7643151041666666 0.9171574074074074 0.03844270833333333 0.16275925925925927
