0 0.20032291666666666 0.7093935185185185 0.02996875 0.13704629629629628
0 0.2639140625 0.3318240740740741 0.021015625 0.09675925925925925
0 0.8224635416666667 0.9311157407407408 0.028781249999999998 0.1377685185185185
0 0.32318750000000007 0.38202777777777774 0.023 0.09505555555555555
0 0.7455 0.34246296296296297 0.023125 0.10218518518518518
0 0.5432135416666667 0.4999444444444444 0.02275 0.11953703703703702
0 0.5450260416666667 0.30569444444444444 0.02296875 0.08564814814814815
0 0.4302916666666667 0.806662037037037 0.033166666666666664 0.15008333333333335
0 0.6447005208333334 0.4189259259259259 0.026755208333333332 0.10440740740740741
0 0.49509375 0.30033333333333334 0.0235625 0.09466666666666666
0 0.7944192708333333 0.5503472222222222 0.023942708333333333 0.11282407407407406
0 0.8091614583333333 0.8638842592592593 0.03471875 0.1620277777777778
