0 0.30203125 0.3204444444444444 0.020562499999999997 0.09133333333333334
0 0.4966875 0.30266666666666664 0.024625 0.0951111111111111
0 0.5626614583333333 0.497074074074074 0.022427083333333334 0.11770370370370371
0 0.8829557291666666 0.947675925925926 0.030140624999999997 0.10464814814814814
0 0.602625 0.3037222222222222 0.018500000000000003 0.08544444444444445
0 0.46815625 0.8324351851851852 0.029249999999999998 0.14831481481481482
0 0.33006250000000004 0.3808888888888889 0.02 0.10333333333333333
0 0.8302708333333333 0.5422777777777777 0.023760416666666666 0.12127777777777776
0 0.8021354166666667 0.35101851851851856 0.022125 0.104
0 0.8351276041666668 0.8747546296296297 0.03311979166666667 0.15328703703703705
0 0.6074375 0.42588888888888893 0.02675 0.11222222222222222
0 0.20292447916666664 0.6841898148148148 0.02997395833333333 0.1289722222222222
