0 0.18626041666666668 0.457125 0.030052083333333333 0.11680555555555557
0 0.86484375 0.33744444444444444 0.0249375 0.08644444444444445
0 0.3611953125 0.4953518518518519 0.029130208333333334 0.1264259259259259
0 0.8341640625 0.47141666666666665 0.026776041666666663 0.11468518518518518
0 0.5395989583333333 0.3738472222222222 0.04575 0.08074999999999999
0 0.6051822916666666 0.27999999999999997 0.032135416666666666 0.08277777777777778
0 0.6214895833333334 0.37905555555555553 0.033604166666666664 0.07655555555555556
0 0.022473958333333332 0.55425 0.0233125 0.13764814814814816
0 0.6608125 0.2753703703703704 0.034416666666666665 0.07666666666666666
0 0.730109375 0.9719166666666668 0.03889583333333334 0.05616666666666666
0 0.9895104166666667 0.7809629629629629 0.020979166666666667 0.14496296296296296
0 0.6072239583333334 0.9143009259259258 0.035666666666666666 0.1695462962962963
0 0.6055989583333333 0.1976388888888889 0.028177083333333335 0.08212962962962964
0 0.081828125 0.8085972222222222 0.036000000000000004 0.1425648148148148
