0 0.5687526041666666 0.4956990740740741 0.023359375 0.11437962962962964
0 0.51571875 0.3065 0.0315625 0.08877777777777777
0 0.8345885416666667 0.5320092592592593 0.02178125 0.11750000000000001
0 0.47753125 0.8377685185185185 0.0330625 0.14757407407407408
0 0.19968489583333335 0.6676342592592592 0.025828125 0.12687962962962962
0 0.34562499999999996 0.379375 0.02375 0.10191666666666666
0 0.6298958333333332 0.3074537037037037 0.02875 0.08546296296296296
0 0.8356666666666667 0.8659398148148149 0.03513541666666666 0.15462037037037038
0 0.8965885416666667 0.9479768518518519 0.030395833333333334 0.1040462962962963
0 0.32318750000000007 0.31183333333333335 0.02 0.09544444444444444
0 0.5742812500000001 0.4268888888888889 0.0309375 0.11333333333333334
0 0.8191640625 0.35435648148148147 0.020026041666666668 0.10452777777777778
