0 0.82315625 0.35761111111111116 0.0259375 0.10077777777777779
0 0.5531380208333334 0.4283194444444445 0.027973958333333333 0.10621296296296295
0 0.5742135416666667 0.49706018518518524 0.022875 0.10899074074074074
0 0.8364114583333333 0.8567361111111111 0.032625 0.16137962962962962
0 0.33568749999999997 0.30889814814814814 0.018125 0.08887037037037038
0 0.8320624999999999 0.5299583333333333 0.022427083333333334 0.11173148148148149
0 0.8991718750000001 0.9471342592592592 0.04448958333333333 0.10573148148148148
0 0.3549375 0.3791111111111111 0.019125 0.09666666666666668
0 0.48789322916666666 0.8355648148148149 0.02861979166666667 0.1471111111111111
0 0.6399869791666666 0.3047546296296296 0.021078125 0.08773148148148148
0 0.19927864583333335 0.6614074074074074 0.02609895833333333 0.14253703703703705
0 0.52959375 0.3083888888888889 0.0260625 0.08611111111111111
