0 0.34762499999999996 0.3031018518518519 0.021500000000000002 0.08757407407407407
0 0.36621875 0.3798888888888889 0.0259375 0.09355555555555556
0 0.54434375 0.3092222222222222 0.0280625 0.08644444444444445
0 0.58090625 0.4945462962962963 0.020927083333333332 0.10809259259259259
0 0.4986458333333334 0.841287037037037 0.03719791666666667 0.14916666666666667
0 0.9062057291666666 0.946337962962963 0.036598958333333334 0.10732407407407407
0 0.5265651041666667 0.427875 0.035369791666666664 0.10752777777777778
0 0.8405234375 0.8491898148148148 0.030276041666666666 0.16128703703703703
0 0.834875 0.3577777777777778 0.02025 0.106
0 0.8300000000000001 0.5236851851851853 0.024447916666666666 0.10666666666666667
0 0.65384375 0.30672222222222223 0.022187500000000002 0.08877777777777777
0 0.191109375 0.654912037037037 0.026677083333333334 0.13017592592592592
