0 0.5638437500000001 0.31122222222222223 0.0309375 0.09066666666666667
0 0.8260989583333334 0.5191574074074073 0.02175 0.11546296296296296
0 0.35942708333333334 0.29782407407407413 0.020520833333333332 0.08527777777777777
0 0.5916458333333332 0.49817129629629625 0.025354166666666667 0.11643518518518518
0 0.8398229166666666 0.8428240740740741 0.033749999999999995 0.15212962962962964
0 0.8444791666666666 0.3630555555555556 0.0271875 0.10388888888888889
0 0.3810677083333333 0.37953703703703706 0.021718750000000002 0.0987037037037037
0 0.67359375 0.30893518518518515 0.020625 0.08564814814814815
0 0.910453125 0.9471527777777778 0.03263541666666667 0.10569444444444445
0 0.19219791666666666 0.6452222222222221 0.02775 0.12466666666666665
0 0.4937005208333333 0.4296203703703704 0.035546875 0.11133333333333333
0 0.5091484374999999 0.8404351851851851 0.02609895833333333 0.14864814814814814
