0 0.8546354166666668 0.3622222222222222 0.022875 0.10374074074074074
0 0.5899739583333333 0.3143518518518518 0.029635416666666668 0.09555555555555556
0 0.6955729166666667 0.3096759259259259 0.016979166666666667 0.08453703703703704
0 0.8456015625000001 0.8321898148148148 0.033151041666666665 0.1488611111111111
0 0.40013020833333335 0.38060185185185186 0.02734375 0.0987962962962963
0 0.5214791666666667 0.8443240740740741 0.0353125 0.1487962962962963
0 0.6088255208333333 0.49849074074074073 0.041546875 0.11333333333333334
0 0.8215625000000001 0.5156898148148148 0.023177083333333334 0.11573148148148148
0 0.19723958333333333 0.6395833333333333 0.0278125 0.1362037037037037
0 0.9202005208333333 0.9450462962962963 0.03200520833333333 0.10990740740740741
0 0.3735156250000001 0.2894907407407407 0.02234375 0.08361111111111111
0 0.45801041666666664 0.43077314814814816 0.0316875 0.11221296296296296
