0 0.6159557291666666 0.4945277777777777 0.046901041666666664 0.1160925925925926
0 0.41751041666666666 0.4235231481481481 0.03134375 0.11450925925925926
0 0.7195104166666667 0.3035185185185185 0.028583333333333336 0.08481481481481482
0 0.8468593749999999 0.807587962962963 0.0334375 0.14671296296296296
0 0.9244687500000001 0.9405324074074074 0.03853125 0.11893518518518517
0 0.86496875 0.3519444444444444 0.0240625 0.10500000000000001
0 0.39074739583333334 0.2775879629629629 0.020213541666666668 0.08339814814814814
0 0.8168151041666667 0.5021157407407407 0.021151041666666665 0.1126388888888889
0 0.42280208333333336 0.37269444444444444 0.021166666666666667 0.09798148148148147
0 0.6189140625 0.31067129629629625 0.027088541666666667 0.09780555555555555
0 0.20426041666666664 0.6251342592592593 0.025229166666666667 0.13165740740740742
0 0.5440104166666667 0.8384583333333334 0.03203125 0.15200925925925926
