0 0.43452604166666664 0.37348611111111113 0.019197916666666665 0.09693518518518518
0 0.21190104166666665 0.6277731481481481 0.03939583333333333 0.12362037037037037
0 0.736 0.29927777777777775 0.021625000000000002 0.08855555555555555
0 0.6248385416666667 0.4898240740740741 0.04132291666666667 0.11412962962962964
0 0.63865625 0.311 0.0213125 0.09533333333333333
0 0.5524036458333333 0.8338194444444446 0.02919270833333333 0.14689814814814817
0 0.40137500000000004 0.27255555555555555 0.023375 0.08555555555555557
0 0.9313177083333334 0.9361944444444443 0.0324375 0.1276111111111111
0 0.8127499999999999 0.4966203703703704 0.02355208333333333 0.1047962962962963
0 0.8738125 0.3533888888888889 0.024374999999999997 0.10322222222222223
0 0.38633854166666665 0.4206203703703704 0.028125 0.10933333333333334
0 0.8493151041666668 0.7979675925925925 0.03125520833333333 0.15950925925925927
