0 0.6339088541666666 0.48842592592592593 0.04305729166666667 0.11481481481481481
0 0.44606250000000003 0.3730555555555556 0.019874999999999997 0.09766666666666667
0 0.5686562500000001 0.8336666666666667 0.039989583333333335 0.15155555555555555
0 0.3468880208333333 0.4134861111111111 0.023921875 0.10893518518518519
0 0.7597916666666666 0.295787037037037 0.026354166666666668 0.09064814814814816
0 0.8854062500000001 0.34450000000000003 0.021437499999999998 0.10544444444444444
0 0.6653125000000001 0.3074074074074074 0.021875 0.09407407407407407
0 0.859484375 0.7828194444444445 0.027489583333333335 0.15662037037037038
0 0.81390625 0.49000000000000005 0.025437500000000002 0.10755555555555556
0 0.005276041666666667 0.6224722222222222 0.010552083333333333 0.06027777777777777
0 0.9419791666666666 0.9358148148148149 0.031072916666666665 0.12837037037037036
0 0.22326302083333335 0.6177962962962962 0.034109375 0.12575925925925927
0 0.423125 0.26369907407407406 0.01885416666666667 0.08408333333333333
