0 0.6358906249999999 0.4831064814814815 0.03085416666666667 0.11673148148148148
0 0.44285156249999996 0.37008796296296304 0.024151041666666664 0.10052777777777777
0 0.5847239583333333 0.8272407407407408 0.02728125 0.15155555555555555
0 0.8570052083333334 0.7647777777777778 0.03141666666666667 0.1486111111111111
0 0.43478385416666665 0.2724537037037037 0.020296875 0.0575
0 0.7783229166666668 0.2919537037037037 0.01425 0.08933333333333333
0 0.011208333333333332 0.6200879629629629 0.022416666666666665 0.1322685185185185
0 0.9427708333333334 0.9305648148148148 0.036375000000000005 0.13887037037037037
0 0.6851015625 0.3043564814814815 0.02459895833333333 0.0941388888888889
0 0.8924375 0.3433657407407407 0.01942708333333333 0.10571296296296297
0 0.8057369791666666 0.48415277777777777 0.020026041666666668 0.1105462962962963
0 0.23712499999999997 0.616199074074074 0.036270833333333335 0.12960185185185186
0 0.30147135416666665 0.40662037037037035 0.028796875 0.1087962962962963
