0 0.43838802083333334 0.3693287037037037 0.020026041666666668 0.09778703703703703
0 0.90490625 0.3418888888888889 0.0244375 0.10311111111111111
0 0.5938229166666666 0.8272824074074074 0.03677083333333333 0.15139814814814814
0 0.44177083333333333 0.2749074074074074 0.02354166666666667 0.053703703703703705
0 0.79178125 0.29511111111111116 0.0270625 0.08444444444444445
0 0.2790104166666667 0.3978888888888889 0.038625 0.10866666666666666
0 0.2518854166666667 0.6124351851851851 0.02403125 0.1259259259259259
0 0.9451979166666667 0.9277638888888889 0.03582291666666667 0.14447222222222222
0 0.020179687499999998 0.6116388888888888 0.03168229166666667 0.14127777777777778
0 0.69796875 0.3035324074074074 0.0228125 0.09886111111111111
0 0.6381510416666667 0.4854768518518518 0.022500000000000003 0.1158425925925926
0 0.8613723958333334 0.7565555555555556 0.035046875000000005 0.14527777777777778
0 0.8055885416666667 0.47856481481481483 0.023625 0.10757407407407409
