0 0.5509895833333334 0.3693981481481482 0.03197916666666666 0.08861111111111111
0 0.6120026041666667 0.8966759259259259 0.038848958333333336 0.15816666666666665
0 0.039890625 0.5546527777777778 0.0345625 0.12939814814814815
0 0.7230052083333334 0.9691712962962963 0.025979166666666668 0.06165740740740741
0 0.8547682291666666 0.4615694444444444 0.027536458333333333 0.11289814814814815
0 0.9949270833333334 0.7707268518518519 0.010145833333333333 0.14582407407407408
0 0.631375 0.3756851851851852 0.026000000000000002 0.09396296296296297
0 0.6142708333333332 0.2851388888888889 0.026875 0.07138888888888888
0 0.8681770833333334 0.335787037037037 0.03739583333333333 0.09212962962962963
0 0.3660052083333333 0.484574074074074 0.027270833333333334 0.11724074074074074
0 0.20116145833333332 0.44802314814814814 0.022875 0.12147222222222222
0 0.10279947916666667 0.7888333333333334 0.028078125 0.14975925925925926
0 0.629671875 0.19726388888888888 0.026385416666666665 0.08380555555555556
0 0.659453125 0.273287037037037 0.03442708333333333 0.08064814814814815
