0 0.9107552083333332 0.34412499999999996 0.025885416666666668 0.10267592592592592
0 0.2631875 0.6125555555555555 0.040125 0.12466666666666665
0 0.8044687500000001 0.29394444444444445 0.0134375 0.08900000000000001
0 0.44968749999999996 0.26702314814814815 0.020833333333333332 0.07280555555555555
0 0.2509635416666666 0.3971574074074074 0.024822916666666663 0.11199999999999999
0 0.8105494791666666 0.4785787037037037 0.02540104166666667 0.10843518518518519
0 0.64415625 0.4803935185185186 0.018770833333333334 0.1134351851851852
0 0.8649635416666667 0.7431944444444444 0.027072916666666665 0.15394444444444444
0 0.6029609375 0.8192453703703704 0.024286458333333334 0.1458611111111111
0 0.7108749999999999 0.30336574074074074 0.020874999999999998 0.09526851851851852
0 0.4341875 0.3701666666666667 0.026000000000000002 0.09766666666666667
0 0.03944010416666666 0.6021944444444444 0.03203645833333333 0.13392592592592592
0 0.9527135416666667 0.9232731481481481 0.032239583333333335 0.1534537037037037
