0 0.648515625 0.48171296296296295 0.021333333333333333 0.11375925925925925
0 0.9529947916666667 0.9229398148148148 0.03229166666666667 0.15412037037037035
0 0.9186875 0.3447222222222222 0.018500000000000003 0.10433333333333333
0 0.45453125 0.26461111111111113 0.016770833333333336 0.08416666666666667
0 0.42190364583333334 0.3677824074074074 0.017796875 0.09606481481481481
0 0.717375 0.30261111111111116 0.02475 0.09833333333333334
0 0.806875 0.4733981481481482 0.024625 0.10564814814814814
0 0.22665625 0.39269444444444446 0.0359375 0.10827777777777778
0 0.6105364583333334 0.8202731481481482 0.034468750000000006 0.1473611111111111
0 0.273890625 0.6111527777777779 0.02178125 0.12912037037037036
0 0.85990625 0.7363287037037037 0.03057291666666667 0.13950925925925925
0 0.8152083333333333 0.29737962962962966 0.024374999999999997 0.0869074074074074
0 0.04992447916666666 0.5928888888888888 0.031046874999999998 0.13520370370370371
