0 0.81159375 0.29581018518518515 0.0160625 0.08673148148148148
0 0.45221875 0.26583333333333337 0.024187499999999997 0.08944444444444444
0 0.8497604166666667 0.719050925925926 0.0331875 0.14191666666666666
0 0.6403880208333333 0.4790972222222222 0.023776041666666668 0.1150462962962963
0 0.7143437499999999 0.29927777777777775 0.021062499999999998 0.09677777777777777
0 0.6082916666666666 0.8095231481481481 0.033666666666666664 0.14680555555555558
0 0.05622395833333334 0.5817175925925926 0.029249999999999998 0.13615740740740742
0 0.912875 0.34317592592592594 0.030145833333333334 0.10235185185185186
0 0.79765625 0.469 0.025812500000000002 0.106
0 0.17798958333333334 0.3819027777777778 0.036375000000000005 0.10784259259259259
0 0.9441145833333332 0.9124722222222222 0.0336875 0.1655185185185185
0 0.2757369791666667 0.6102870370370369 0.032828125 0.12787037037037036
0 0.39971354166666667 0.36611111111111116 0.03015625 0.09592592592592591
