0 0.784921875 0.46055555555555555 0.023697916666666666 0.10629629629629629
0 0.126640625 0.3766203703703704 0.025156249999999998 0.11675925925925926
0 0.279296875 0.600462962962963 0.03390625 0.12962962962962962
0 0.6003645833333333 0.805601851851852 0.030520833333333334 0.1497222222222222
0 0.36205729166666667 0.3627314814814815 0.023072916666666665 0.09861111111111111
0 0.8009114583333333 0.2948611111111111 0.02484375 0.08416666666666667
0 0.6276822916666667 0.47310185185185183 0.022864583333333334 0.11416666666666667
0 0.056067708333333334 0.5721759259259258 0.028489583333333336 0.13064814814814815
0 0.8267708333333333 0.7013425925925927 0.026041666666666668 0.14324074074074072
0 0.9225781249999999 0.904074074074074 0.03338541666666666 0.16685185185185183
0 0.6954427083333333 0.2962962962962963 0.01942708333333333 0.09277777777777778
0 0.908203125 0.3411111111111111 0.026302083333333334 0.1037037037037037
0 0.44240625 0.2629444444444445 0.017437499999999998 0.09455555555555556
