0 0.6895312499999999 0.29471296296296295 0.025625000000000002 0.09462962962962963
0 0.7927447916666668 0.2955462962962963 0.019166666666666665 0.08638888888888889
0 0.341578125 0.36112037037037037 0.024583333333333336 0.10037037037037037
0 0.6195364583333334 0.4723888888888889 0.026927083333333334 0.11481481481481481
0 0.4355364583333333 0.26546296296296296 0.01625 0.09675925925925925
0 0.5934270833333333 0.7963935185185186 0.02796875 0.1493611111111111
0 0.81021875 0.6898333333333334 0.029531250000000002 0.13972222222222222
0 0.8995833333333334 0.34179629629629626 0.029895833333333333 0.10314814814814816
0 0.08909375 0.37324999999999997 0.0253125 0.11092592592592593
0 0.913703125 0.8891203703703704 0.03057291666666667 0.16324074074074074
0 0.28515625 0.5958703703703704 0.03036458333333333 0.12694444444444444
0 0.05973697916666666 0.5638472222222222 0.024255208333333333 0.12304629629629628
0 0.776625 0.4554074074074074 0.025208333333333333 0.10435185185185185
