0 0.7531458333333333 0.4445833333333334 0.021145833333333332 0.10435185185185185
0 0.88075 0.33849537037037036 0.02822916666666667 0.10591666666666667
0 0.9823958333333334 0.49706944444444445 0.027364583333333335 0.13082407407407406
0 0.893796875 0.8672685185185185 0.0321875 0.16175925925925924
0 0.7642708333333332 0.30375 0.0271875 0.07472222222222223
0 0.609296875 0.4647037037037037 0.022916666666666665 0.11333333333333334
0 0.5920572916666667 0.7838148148148149 0.029322916666666664 0.14657407407407408
0 0.6735859375 0.2960833333333333 0.016380208333333333 0.09566666666666666
0 0.42725520833333336 0.2666759259259259 0.017552083333333336 0.09722222222222222
0 0.023546875 0.3575648148148148 0.03364583333333333 0.1137037037037037
0 0.7829999999999999 0.6672685185185185 0.02666666666666667 0.13657407407407407
0 0.29500000000000004 0.5707314814814816 0.02703125 0.12351851851851853
0 0.2997447916666667 0.35593518518518513 0.02203125 0.09898148148148149
0 0.083265625 0.5486203703703704 0.03916666666666667 0.12583333333333332
