0 0.8847864583333334 0.8650925925925926 0.03135416666666667 0.16425925925925927
0 0.6030182291666667 0.46452777777777776 0.021442708333333334 0.11231481481481481
0 0.2809375 0.35541666666666666 0.022187500000000002 0.10083333333333334
0 0.67040625 0.29741666666666666 0.025 0.0961111111111111
0 0.4246197916666667 0.2683888888888889 0.016874999999999998 0.09685185185185184
0 0.9644947916666667 0.4889629629629629 0.02804166666666667 0.1205925925925926
0 0.7483593749999999 0.4429490740740741 0.024479166666666666 0.10437962962962963
0 0.5891145833333334 0.7819583333333333 0.025989583333333333 0.1482314814814815
0 0.008299479166666667 0.3548611111111111 0.016598958333333334 0.10833333333333334
0 0.10204166666666666 0.5428055555555555 0.029166666666666667 0.11787037037037036
0 0.7509843749999999 0.30784259259259256 0.03104166666666667 0.07861111111111112
0 0.7727708333333333 0.6594907407407408 0.028541666666666667 0.13814814814814813
0 0.2976302083333333 0.5649537037037037 0.02671875 0.1247222222222222
0 0.8719947916666667 0.33699074074074076 0.03378125 0.10487037037037038
