0 0.734796875 0.3127314814814815 0.028125 0.07787037037037037
0 0.6674479166666667 0.29874999999999996 0.026770833333333334 0.09435185185185185
0 0.6028489583333333 0.460962962962963 0.02296875 0.11222222222222222
0 0.2707447916666667 0.3553148148148148 0.02390625 0.09962962962962962
0 0.8657968750000001 0.3347685185185185 0.03536458333333334 0.10268518518518518
0 0.7692187500000001 0.6529629629629629 0.029895833333333333 0.1311111111111111
0 0.7443385416666666 0.43744444444444447 0.026354166666666668 0.10231481481481482
0 0.12294270833333333 0.533425925925926 0.04567708333333333 0.12222222222222222
0 0.9510260416666667 0.4805092592592593 0.02723958333333333 0.1275
0 0.304453125 0.5529166666666666 0.024635416666666667 0.11824074074074074
0 0.42341666666666666 0.27099074074074075 0.015625 0.09657407407407408
0 0.002026041666666667 0.3358935185185185 0.004052083333333334 0.00975
0 0.5898802083333333 0.7767962962962963 0.02546875 0.1446296296296296
0 0.8805989583333333 0.8547685185185185 0.029427083333333333 0.16083333333333333
