0 0.0017447916666666666 0.3362222222222222 0.0034895833333333333 0.008851851851851852
0 0.7413776041666666 0.4361296296296296 0.027963541666666664 0.1037037037037037
0 0.7298177083333334 0.3147685185185185 0.02578125 0.08083333333333333
0 0.423453125 0.26973148148148146 0.0140625 0.09861111111111111
0 0.30489583333333337 0.5537037037037037 0.02364583333333333 0.11648148148148148
0 0.664125 0.2984907407407407 0.02354166666666667 0.0936111111111111
0 0.12881770833333334 0.530787037037037 0.047135416666666666 0.11814814814814814
0 0.59009375 0.772425925925926 0.025989583333333333 0.1414074074074074
0 0.6040625 0.461 0.0234375 0.1111111111111111
0 0.8636432291666666 0.3344166666666667 0.034796875 0.10333333333333333
0 0.7673593750000001 0.6495092592592593 0.02671875 0.13166666666666665
0 0.26746875 0.3538148148148148 0.021614583333333333 0.10046296296296296
0 0.8798958333333332 0.8497685185185185 0.028958333333333332 0.15944444444444444
0 0.9467916666666666 0.4766481481481481 0.026145833333333333 0.1175925925925926
