0 0.6069010416666667 0.459712962962963 0.026041666666666668 0.11342592592592593
0 0.9273385416666666 0.45923148148148146 0.024791666666666667 0.11750000000000001
0 0.18819791666666666 0.5184074074074074 0.023854166666666666 0.12
0 0.6748437500000001 0.32458333333333333 0.030104166666666664 0.08212962962962964
0 0.8430625 0.3351388888888889 0.044145833333333336 0.0997962962962963
0 0.875796875 0.8348888888888888 0.029697916666666668 0.15601851851851853
0 0.5970520833333333 0.7667592592592593 0.030208333333333334 0.14333333333333334
0 0.7552447916666666 0.6326296296296297 0.0271875 0.13546296296296298
0 0.4248645833333333 0.27446296296296296 0.02 0.09888888888888889
0 0.7273046875 0.42869444444444443 0.023348958333333333 0.10175925925925926
0 0.32146875 0.5311018518518519 0.02411458333333333 0.12444444444444445
0 0.24646875 0.35228703703703707 0.025677083333333333 0.09916666666666667
0 0.6400364583333334 0.3032222222222222 0.021510416666666664 0.09231481481481482
