0 0.7297916666666667 0.2718055555555556 0.03125 0.08768518518518519
0 0.988046875 0.3496296296296296 0.02390625 0.10092592592592593
0 0.7903723958333334 0.9695277777777777 0.032567708333333334 0.06094444444444444
0 0.9887760416666667 0.47055555555555556 0.022447916666666668 0.11203703703703703
0 0.6972916666666668 0.2920833333333333 0.0321875 0.08101851851851852
0 0.22707552083333335 0.7564907407407407 0.029421875 0.155
0 0.7044999999999999 0.8940231481481481 0.04725 0.17110185185185184
0 0.3047135416666667 0.44539814814814815 0.02715625 0.11825925925925926
0 0.4553723958333333 0.46294907407407404 0.03468229166666667 0.11867592592592592
0 0.7541380208333333 0.38988425925925924 0.028723958333333334 0.10765740740740741
0 0.15261458333333333 0.5492777777777778 0.0445 0.1312962962962963
0 0.7627942708333334 0.19387962962962965 0.034234375000000004 0.07966666666666668
0 0.6287135416666667 0.3763240740740741 0.023958333333333335 0.10138888888888889
0 0.09714583333333333 0.5981388888888889 0.029947916666666668 0.13796296296296295
0 0.025609375 0.607837962962963 0.027791666666666666 0.14347222222222222
