0 0.9975572916666666 0.4295694444444444 0.004885416666666667 0.03825
0 0.7240885416666667 0.41740740740740734 0.025885416666666668 0.09703703703703703
0 0.7619270833333334 0.6173888888888889 0.02578125 0.12777777777777777
0 0.6254947916666667 0.3093981481481482 0.017864583333333333 0.09083333333333332
0 0.23380208333333335 0.34953703703703703 0.022500000000000003 0.10037037037037037
0 0.6173645833333333 0.3325416666666666 0.024541666666666666 0.08934259259259258
0 0.4317239583333333 0.27299999999999996 0.018333333333333333 0.10218518518518518
0 0.8768098958333334 0.821574074074074 0.028442708333333334 0.1574074074074074
0 0.342890625 0.517962962962963 0.020989583333333332 0.1112962962962963
0 0.6079921875000001 0.7614814814814814 0.026567708333333332 0.1446296296296296
0 0.23671354166666664 0.5009629629629629 0.025677083333333333 0.12555555555555556
0 0.9992265625 0.46902314814814816 0.001546875 0.005268518518518519
0 0.9333854166666666 0.4412962962962963 0.021666666666666667 0.12055555555555554
0 0.848046875 0.33250462962962957 0.020677083333333336 0.1030462962962963
0 0.626234375 0.4566388888888889 0.026510416666666665 0.11101851851851853
