0 0.3502369791666667 0.5173981481481481 0.027942708333333333 0.11453703703703703
0 0.5437291666666667 0.3332546296296296 0.025822916666666664 0.09182407407407407
0 0.5986770833333334 0.31709259259259265 0.031510416666666666 0.08990740740740741
0 0.6152135416666666 0.7520185185185185 0.03442708333333333 0.14316666666666666
0 0.934765625 0.42703703703703705 0.023072916666666665 0.11296296296296296
0 0.8782552083333334 0.8072685185185186 0.03140625 0.15601851851851853
0 0.76540625 0.6026574074074074 0.023489583333333335 0.1287037037037037
0 0.9883776041666666 0.4059027777777778 0.023244791666666667 0.11843518518518519
0 0.8495052083333333 0.33249999999999996 0.020885416666666667 0.10222222222222223
0 0.2664635416666667 0.48747685185185186 0.028333333333333332 0.12075
0 0.6321822916666666 0.4552037037037037 0.02484375 0.11074074074074074
0 0.43460156250000004 0.2810648148148148 0.024557291666666665 0.08727777777777779
0 0.6930208333333334 0.4076388888888889 0.017395833333333333 0.09527777777777778
0 0.22805208333333335 0.3453611111111111 0.020625 0.09812962962962964
