0 0.43900520833333334 0.280625 0.02373958333333333 0.08689814814814814
0 0.8735677083333333 0.792962962962963 0.025364583333333336 0.15092592592592594
0 0.8514583333333334 0.3339351851851852 0.013958333333333333 0.10287037037037036
0 0.22619791666666667 0.3404166666666667 0.019791666666666666 0.09694444444444444
0 0.5459895833333335 0.3269444444444444 0.01864583333333333 0.08222222222222222
0 0.7631770833333333 0.5915740740740741 0.025104166666666667 0.12166666666666667
0 0.9775520833333332 0.3993055555555556 0.019895833333333335 0.1149074074074074
0 0.6325520833333333 0.4542592592592593 0.021770833333333333 0.10925925925925926
0 0.3426822916666667 0.5191666666666666 0.023177083333333334 0.11166666666666666
0 0.9299479166666667 0.4151851851851852 0.020520833333333332 0.10666666666666667
0 0.275625 0.4787037037037037 0.023854166666666666 0.11611111111111112
0 0.6162500000000001 0.7439351851851852 0.02364583333333333 0.13935185185185187
0 0.4903125 0.3335185185185185 0.026145833333333333 0.08
0 0.6626302083333333 0.3974537037037037 0.03078125 0.09305555555555556
