0 0.6168229166666668 0.7424999999999999 0.024374999999999997 0.14129629629629628
0 0.48466145833333335 0.3326388888888889 0.02390625 0.08194444444444444
0 0.22794270833333335 0.34009259259259256 0.018281250000000002 0.09703703703703703
0 0.7670052083333333 0.5887499999999999 0.029010416666666667 0.1250925925925926
0 0.6315885416666666 0.45351851851851854 0.025572916666666667 0.11037037037037037
0 0.34174479166666666 0.5205555555555555 0.025677083333333333 0.11314814814814815
0 0.8535416666666666 0.334537037037037 0.012083333333333333 0.1024074074074074
0 0.9751562500000001 0.3984259259259259 0.024895833333333332 0.1137037037037037
0 0.8739322916666666 0.7876851851851853 0.026822916666666665 0.15092592592592594
0 0.5342968750000001 0.3327314814814815 0.017864583333333333 0.08342592592592592
0 0.443671875 0.2801851851851852 0.020781249999999998 0.08351851851851852
0 0.278046875 0.4762962962962963 0.023489583333333335 0.11685185185185186
0 0.9315364583333333 0.4115740740740741 0.02109375 0.1075925925925926
0 0.6555729166666667 0.3957870370370371 0.029583333333333333 0.0913888888888889
