0 0.7715625 0.5859722222222222 0.03125 0.1247222222222222
0 0.8799739583333334 0.7799074074074074 0.032864583333333336 0.1487037037037037
0 0.8593229166666666 0.33490740740740743 0.014166666666666666 0.10296296296296296
0 0.46505729166666665 0.3183472222222222 0.003510416666666667 0.011694444444444445
0 0.28705729166666666 0.46981481481481485 0.02765625 0.11444444444444445
0 0.456625 0.28762499999999996 0.021479166666666667 0.07697222222222222
0 0.9319531249999999 0.4111111111111111 0.022239583333333333 0.10907407407407407
0 0.6358072916666667 0.3886574074074074 0.02796875 0.09509259259259259
0 0.23664062500000002 0.33662037037037035 0.020885416666666667 0.0975
0 0.3432552083333333 0.5249074074074074 0.025572916666666667 0.11703703703703704
0 0.6153645833333333 0.7341203703703704 0.029479166666666667 0.13472222222222222
0 0.973515625 0.39625 0.029427083333333333 0.1149074074074074
0 0.47328125000000004 0.3259722222222222 0.0271875 0.08712962962962963
0 0.507734375 0.32652777777777775 0.023802083333333335 0.08194444444444444
0 0.618828125 0.43233333333333335 0.0037500000000000003 0.006666666666666667
0 0.6314062500000001 0.45273148148148146 0.028541666666666667 0.1112037037037037
