0 0.6357552083333332 0.45208333333333334 0.03109375 0.10935185185185185
0 0.8885937500000001 0.7739351851851852 0.030625 0.1487962962962963
0 0.29596354166666666 0.4660185185185185 0.030989583333333334 0.11462962962962962
0 0.7767812499999999 0.5794444444444444 0.0243125 0.1257777777777778
0 0.4611458333333333 0.32708333333333334 0.02645833333333333 0.08212962962962964
0 0.6220312499999999 0.3844444444444445 0.0240625 0.09092592592592592
0 0.6176302083333333 0.7350925925925925 0.03078125 0.13703703703703704
0 0.9806770833333333 0.3955092592592592 0.019375 0.11712962962962963
0 0.3477864583333333 0.5257870370370371 0.024427083333333332 0.1150925925925926
0 0.5018489583333333 0.3200462962962963 0.025156249999999998 0.0912037037037037
0 0.8682552083333334 0.334675925925926 0.013385416666666667 0.10250000000000001
0 0.24848958333333332 0.33699074074074076 0.019479166666666665 0.09601851851851852
0 0.937125 0.4137222222222222 0.025249999999999998 0.111
0 0.4748177083333333 0.2861574074074074 0.023072916666666665 0.07657407407407407
