0 0.9882291666666667 0.39592592592592596 0.022291666666666664 0.11777777777777779
0 0.9295052083333334 0.41412037037037036 0.021614583333333333 0.11305555555555555
0 0.26110416666666664 0.33246296296296296 0.01803125 0.09555555555555556
0 0.48489583333333336 0.2741527777777778 0.01796875 0.04139814814814815
0 0.28796875 0.46216666666666667 0.0283125 0.11455555555555555
0 0.47989583333333335 0.3163425925925926 0.004375 0.03675925925925926
0 0.0025807291666666665 0.34149074074074076 0.005161458333333333 0.01
0 0.7759895833333333 0.5745833333333334 0.025729166666666668 0.12287037037037037
0 0.344515625 0.530425925925926 0.030833333333333334 0.11733333333333333
0 0.6021354166666666 0.3776851851851852 0.022500000000000003 0.10092592592592593
0 0.4855989583333333 0.31004629629629626 0.04432291666666666 0.0799074074074074
0 0.49165885416666666 0.29468055555555556 0.0031093749999999997 0.011212962962962963
0 0.4258854166666666 0.3176388888888889 0.022187500000000002 0.08657407407407407
0 0.6068229166666667 0.7302314814814814 0.022187500000000002 0.13472222222222222
0 0.6221093750000001 0.45175925925925925 0.029427083333333333 0.1111111111111111
0 0.8708333333333333 0.33550925925925923 0.016458333333333335 0.10398148148148148
0 0.8915624999999999 0.7660185185185184 0.02666666666666667 0.14796296296296296
