0 0.39643229166666666 0.31785648148148143 0.023177083333333334 0.08650925925925927
0 0.27643229166666666 0.45745370370370364 0.02744791666666667 0.11416666666666667
0 0.59453125 0.36995370370370373 0.01875 0.09990740740740742
0 0.99 0.39668981481481475 0.02 0.11880555555555555
0 0.9235260416666666 0.41455555555555557 0.03344791666666667 0.11212962962962962
0 0.8920052083333334 0.7545833333333334 0.029635416666666668 0.14527777777777778
0 0.003924479166666666 0.34875 0.007848958333333333 0.011851851851851853
0 0.5942447916666667 0.7313888888888889 0.040364583333333336 0.13222222222222224
0 0.47242187500000005 0.3056481481481481 0.024427083333333332 0.07018518518518518
0 0.6105208333333334 0.4449074074074074 0.0234375 0.1111111111111111
0 0.7782812499999999 0.5710648148148149 0.030833333333333334 0.12342592592592594
0 0.49338541666666663 0.2987685185185185 0.023854166666666666 0.06901851851851852
0 0.33591145833333336 0.5338888888888889 0.026822916666666665 0.12111111111111113
0 0.8695572916666666 0.3327777777777778 0.01671875 0.10314814814814816
0 0.265265625 0.3281990740740741 0.019125 0.09774999999999999
