0 0.27601562500000004 0.3210185185185185 0.024427083333333332 0.09333333333333334
0 0.5941927083333333 0.44842592592592595 0.032656250000000005 0.10944444444444444
0 0.5864583333333333 0.36259259259259263 0.02 0.09351851851851851
0 0.8974218749999999 0.7484259259259259 0.028385416666666666 0.14722222222222223
0 0.5035416666666667 0.3209722222222222 0.042083333333333334 0.025833333333333333
0 0.865859375 0.33125 0.031510416666666666 0.09861111111111111
0 0.5740104166666666 0.7303703703703704 0.027395833333333335 0.13537037037037036
0 0.38109375 0.3146296296296296 0.0278125 0.08037037037037037
0 0.7804166666666668 0.5641666666666666 0.022604166666666665 0.12222222222222222
0 0.9050260416666666 0.4121759259259259 0.03109375 0.11046296296296296
0 0.45453124999999994 0.30486111111111114 0.043125 0.05268518518518518
0 0.9934895833333334 0.3957222222222222 0.013020833333333334 0.11212962962962962
0 0.33315104166666665 0.5364814814814814 0.031927083333333335 0.11944444444444445
0 0.2627083333333334 0.4565277777777778 0.03364583333333333 0.11361111111111111
