0 0.39666666666666667 0.30263888888888885 0.03270833333333333 0.08083333333333333
0 0.5588020833333333 0.7328240740740741 0.021458333333333336 0.13472222222222222
0 0.5787760416666666 0.44601851851851854 0.024635416666666667 0.10851851851851853
0 0.8950260416666667 0.4102314814814815 0.019947916666666666 0.11175925925925927
0 0.3277083333333334 0.5368055555555555 0.028854166666666667 0.12157407407407408
0 0.9000260416666667 0.7431481481481482 0.026406250000000003 0.14703703703703705
0 0.005625000000000001 0.37175925925925923 0.011250000000000001 0.11333333333333334
0 0.8571875 0.3297222222222222 0.019479166666666665 0.10444444444444444
0 0.78234375 0.5637962962962964 0.02375 0.12351851851851853
0 0.42861979166666664 0.28125 0.026093750000000002 0.08935185185185185
0 0.5799739583333334 0.3568055555555556 0.023072916666666665 0.09046296296296297
0 0.9958776041666667 0.4326574074074074 0.008244791666666666 0.052333333333333336
0 0.5246614583333333 0.3087037037037037 0.018072916666666668 0.048888888888888885
0 0.2931770833333333 0.3224537037037037 0.030729166666666665 0.09342592592592593
0 0.2455989583333333 0.45407407407407413 0.037135416666666664 0.11222222222222222
