0 0.0076484375 0.8551481481481482 0.015296875 0.1550185185185185
0 0.7520833333333333 0.43310185185185185 0.029375 0.10824074074074075
0 0.19565104166666666 0.5830555555555554 0.023385416666666665 0.12296296296296297
0 0.662734375 0.3163888888888889 0.015260416666666667 0.08685185185185185
0 0.679296875 0.6040277777777778 0.022239583333333333 0.11546296296296296
0 0.32390625 0.21037037037037035 0.018020833333333333 0.07518518518518519
0 0.8884635416666667 0.5179166666666667 0.016302083333333335 0.11638888888888889
0 0.385546875 0.35300925925925924 0.027760416666666666 0.08694444444444445
0 0.522 0.5788888888888889 0.018125 0.11199999999999999
0 0.7348437499999999 0.39620370370370367 0.025104166666666667 0.09814814814814815
0 0.67171875 0.35388888888888886 0.022604166666666665 0.08611111111111111
0 0.6186197916666667 0.39134259259259263 0.025989583333333333 0.09638888888888889
0 0.7697916666666667 0.5217129629629629 0.02645833333333333 0.09101851851851851
0 0.3852083333333333 0.5106018518518518 0.02041666666666667 0.11398148148148148
0 0.7242708333333333 0.4197685185185185 0.018541666666666668 0.09064814814814816
0 0.5924739583333333 0.43620370370370365 0.023177083333333334 0.09796296296296296
0 0.9733593749999999 0.6621759259259259 0.026302083333333334 0.12416666666666666
