0 0.8333854166666667 0.1875462962962963 0.03364583333333333 0.08861111111111111
0 0.7557812500000001 0.912962962962963 0.04552083333333334 0.17407407407407408
0 0.7096354166666666 0.29435185185185186 0.0328125 0.09222222222222222
0 0.33716145833333333 0.45069444444444445 0.04192708333333333 0.12138888888888888
0 0.04915625 0.42734259259259255 0.027666666666666666 0.12864814814814815
0 0.6526875 0.38572222222222224 0.038125 0.1121111111111111
0 0.840234375 0.41597222222222224 0.03567708333333333 0.11324074074074074
0 0.4622395833333333 0.4455092592592592 0.036145833333333335 0.11805555555555555
0 0.18184895833333334 0.5461574074074075 0.060468749999999995 0.12842592592592592
0 0.11255208333333333 0.6125925925925926 0.04177083333333333 0.13537037037037036
0 0.7202343750000001 0.2746759259259259 0.04338541666666666 0.09712962962962964
0 0.8157552083333334 0.9804629629629629 0.022135416666666668 0.039074074074074074
0 0.15020833333333336 0.5645370370370371 0.04072916666666667 0.11851851851851852
