0 0.5312760416666666 0.7424074074074074 0.038177083333333334 0.14148148148148149
0 0.41705729166666666 0.27361111111111114 0.025260416666666667 0.09185185185185185
0 0.879375 0.39944444444444444 0.0278125 0.13055555555555556
0 0.30600520833333333 0.3186574074074074 0.022979166666666665 0.11146296296296296
0 0.0144140625 0.3784861111111111 0.016630208333333334 0.1173425925925926
0 0.3315364583333333 0.5372685185185185 0.026822916666666665 0.1223148148148148
0 0.5742447916666666 0.3948148148148148 0.04328125 0.19277777777777777
0 0.22453125000000002 0.45157407407407407 0.0253125 0.11574074074074074
0 0.43792708333333336 0.2828240740740741 0.014145833333333333 0.08583333333333333
0 0.9055833333333333 0.7302453703703703 0.03152083333333334 0.14975
0 0.8528645833333334 0.32270370370370366 0.0259375 0.10496296296296297
0 0.5436197916666666 0.31277777777777777 0.021302083333333333 0.03333333333333333
0 0.7911197916666666 0.5599074074074073 0.02276041666666667 0.1275925925925926
0 0.5737239583333333 0.43615740740740744 0.04223958333333333 0.1100925925925926
