0 0.20794270833333334 0.44814814814814813 0.028385416666666666 0.11555555555555555
0 0.4607421875 0.26699074074074075 0.019692708333333333 0.08759259259259258
0 0.8997552083333333 0.7196944444444444 0.026354166666666668 0.1474074074074074
0 0.432 0.2753240740740741 0.02765625 0.0913888888888889
0 0.5212708333333332 0.7485925925925925 0.02322916666666667 0.14685185185185184
0 0.5541197916666667 0.3139351851851852 0.017447916666666667 0.034351851851851856
0 0.5960677083333333 0.35208333333333336 0.020781249999999998 0.09768518518518518
0 0.028697916666666663 0.3815277777777778 0.025416666666666664 0.11546296296296296
0 0.8573437500000001 0.3640462962962963 0.004583333333333333 0.01875925925925926
0 0.3267447916666667 0.3287037037037037 0.02671875 0.0962962962962963
0 0.3353645833333333 0.5405092592592593 0.018229166666666668 0.12287037037037037
0 0.570984375 0.43171296296296297 0.04171875 0.11157407407407408
0 0.8502604166666666 0.3240277777777778 0.02322916666666667 0.10712962962962963
0 0.7935234375 0.5562962962962963 0.021515625 0.12555555555555556
0 0.871078125 0.40543981481481484 0.03755208333333333 0.11691666666666667
