0 0.19718229166666665 0.4481388888888889 0.03328125 0.11861111111111111
0 0.5630572916666666 0.3138703703703704 0.023177083333333334 0.03657407407407407
0 0.4590651041666666 0.2773703703703704 0.025255208333333334 0.08461111111111111
0 0.8579427083333333 0.3257407407407408 0.028385416666666666 0.10148148148148148
0 0.87671875 0.4019444444444445 0.02666666666666667 0.10740740740740741
0 0.04814583333333333 0.38357407407407407 0.03333333333333333 0.11601851851851852
0 0.5289427083333333 0.7517777777777778 0.033125 0.14546296296296296
0 0.7905729166666667 0.5548148148148149 0.027291666666666665 0.12537037037037038
0 0.4715625 0.2607407407407408 0.0203125 0.06999999999999999
0 0.34479166666666666 0.331712962962963 0.022083333333333333 0.09712962962962964
0 0.6089427083333334 0.35450925925925925 0.02390625 0.09675925925925925
0 0.5696354166666667 0.4213425925925926 0.04052083333333333 0.11101851851851853
0 0.33828125 0.5425555555555556 0.02276041666666667 0.12037037037037036
0 0.8949479166666666 0.7063425925925926 0.03208333333333333 0.14472222222222222
