0 0.9832812499999999 0.3919907407407407 0.0334375 0.11416666666666667
0 0.17364583333333336 0.4416481481481482 0.022447916666666668 0.11837037037037038
0 0.77421875 0.5443796296296296 0.025052083333333332 0.1250925925925926
0 0.49215625 0.28103703703703703 0.023020833333333334 0.09166666666666666
0 0.879328125 0.3280185185185185 0.023802083333333335 0.10333333333333333
0 0.31316666666666665 0.5433611111111112 0.026354166666666668 0.12361111111111112
0 0.05740625 0.38162037037037033 0.023854166666666666 0.11018518518518519
0 0.9074687499999999 0.38010185185185186 0.026822916666666665 0.1012962962962963
0 0.5407265625 0.7476944444444444 0.03530729166666667 0.1435
0 0.5442447916666667 0.30722222222222223 0.01984375 0.05018518518518519
0 0.55890625 0.40435185185185185 0.03947916666666666 0.10740740740740741
0 0.4521875 0.26231481481481483 0.022083333333333333 0.06703703703703705
0 0.35436979166666666 0.3319722222222222 0.01484375 0.09861111111111111
0 0.62265625 0.3534259259259259 0.0296875 0.09259259259259259
0 0.8668333333333333 0.6826435185185186 0.028958333333333332 0.14217592592592593
