0 0.5515885416666666 0.39646296296296296 0.03739583333333333 0.10648148148148148
0 0.06484375 0.38689814814814816 0.027708333333333335 0.1125
0 0.353390625 0.3320462962962963 0.022708333333333334 0.09777777777777777
0 0.5488385416666667 0.7399722222222221 0.04057291666666667 0.13864814814814816
0 0.988875 0.3818472222222222 0.02225 0.10765740740740741
0 0.9047760416666667 0.32580555555555557 0.030104166666666664 0.10564814814814814
0 0.5073229166666666 0.2881944444444444 0.02453125 0.0962962962962963
0 0.6289713541666667 0.35244907407407405 0.02900520833333333 0.09378703703703704
0 0.16130729166666666 0.43695833333333334 0.026302083333333334 0.11697222222222223
0 0.29461979166666663 0.5437962962962962 0.028541666666666667 0.12250000000000001
0 0.937921875 0.36306481481481484 0.0325 0.11037037037037037
0 0.757421875 0.5395648148148149 0.023802083333333335 0.12490740740740741
0 0.8463072916666666 0.6686944444444444 0.025572916666666667 0.14101851851851852
0 0.4452291666666667 0.2593333333333333 0.017864583333333333 0.0813888888888889
0 0.5270546875000001 0.30677777777777776 0.021453125 0.048518518518518516
