0 0.44673958333333336 0.26249074074074075 0.015156250000000001 0.08601851851851852
0 0.27781510416666666 0.5465555555555557 0.025213541666666665 0.12351851851851853
0 0.1597213541666667 0.43648148148148147 0.027453125000000002 0.11564814814814815
0 0.73765625 0.5332407407407407 0.029895833333333333 0.1225925925925926
0 0.9744010416666666 0.35106481481481483 0.030260416666666668 0.10379629629629629
0 0.8290885416666668 0.6568518518518518 0.024895833333333332 0.13657407407407407
0 0.9375781249999999 0.3261111111111111 0.02276041666666667 0.1024074074074074
0 0.5090416666666667 0.2944537037037037 0.021041666666666667 0.06472222222222222
0 0.35521875 0.33055555555555555 0.02234375 0.09916666666666667
0 0.5635937500000001 0.7354629629629629 0.04052083333333333 0.14222222222222222
0 0.5328645833333333 0.29212962962962963 0.024479166666666666 0.09462962962962963
0 0.55153125 0.3918425925925926 0.038802083333333334 0.10324074074074074
0 0.07339322916666666 0.3913611111111111 0.027036458333333332 0.1149074074074074
0 0.6374791666666667 0.35018518518518515 0.02725 0.09444444444444444
