0 0.6448645833333333 0.3483148148148148 0.025625000000000002 0.09453703703703703
0 0.5034765625 0.27889351851851857 0.017609375 0.09184259259259259
0 0.16811979166666668 0.43751851851851853 0.033854166666666664 0.11444444444444445
0 0.36142187499999995 0.3282962962962963 0.028645833333333332 0.09585185185185185
0 0.4515625 0.26593055555555556 0.015520833333333334 0.08739814814814816
0 0.55609375 0.3887962962962963 0.0384375 0.10796296296296296
0 0.557828125 0.2901944444444444 0.022135416666666668 0.09574074074074075
0 0.9930989583333333 0.3425925925925926 0.013802083333333333 0.1075925925925926
0 0.7303177083333333 0.5283703703703704 0.020885416666666667 0.12462962962962962
0 0.5797343749999999 0.7261481481481482 0.03911458333333333 0.14014814814814816
0 0.8204427083333333 0.6443981481481481 0.02578125 0.13342592592592592
0 0.97146875 0.3244444444444445 0.03114583333333333 0.10157407407407408
0 0.9987161458333332 0.3845601851851852 0.0025677083333333333 0.014712962962962964
0 0.27115625 0.5480462962962963 0.020260416666666666 0.125
0 0.08857291666666667 0.3972777777777778 0.030104166666666664 0.1149074074074074
