0 0.5988020833333333 0.7197222222222222 0.04020833333333333 0.14129629629629628
0 0.465234375 0.26990740740740743 0.01640625 0.08481481481481482
0 0.11122395833333333 0.3997685185185185 0.02796875 0.11472222222222223
0 0.5882447916666665 0.2914814814814815 0.028479166666666667 0.09411111111111112
0 0.5655312499999999 0.38651851851851854 0.03229166666666667 0.10342592592592594
0 0.18718749999999998 0.4343240740740741 0.03328125 0.11324074074074074
0 0.2668098958333333 0.5502453703703704 0.014671875000000001 0.12087962962962964
0 0.3764895833333333 0.3262685185185185 0.025729166666666668 0.09592592592592591
0 0.6587526041666667 0.3456064814814815 0.023984375 0.0963611111111111
0 0.8173958333333332 0.6323148148148148 0.025625000000000002 0.1338888888888889
0 0.49379427083333327 0.27666203703703707 0.022578125 0.08986111111111111
0 0.7226822916666668 0.5226851851851851 0.025677083333333333 0.12148148148148147
0 0.9874322916666667 0.3209537037037037 0.025135416666666667 0.10157407407407408
