0 0.7224114583333333 0.5171296296296296 0.027083333333333334 0.11953703703703702
0 0.6150625000000001 0.29132407407407407 0.03015625 0.09509259259259259
0 0.20366145833333332 0.43459259259259253 0.021875 0.11694444444444445
0 0.395015625 0.3226851851851852 0.025833333333333333 0.09703703703703703
0 0.8223567708333335 0.6228425925925927 0.024786458333333334 0.1313888888888889
0 0.49590104166666665 0.2737592592592592 0.01659375 0.09148148148148148
0 0.48348437499999997 0.27139814814814817 0.01303125 0.08633333333333333
0 0.6181171875 0.7106203703703704 0.03608854166666667 0.1416851851851852
0 0.9900390625 0.31931481481481483 0.019921875 0.10462962962962963
0 0.5883333333333333 0.3866851851851852 0.03109375 0.1050925925925926
0 0.13544791666666667 0.4039259259259259 0.030416666666666665 0.11666666666666667
0 0.26751302083333334 0.551050925925926 0.016682291666666668 0.12119444444444444
0 0.6696354166666666 0.34537962962962965 0.017833333333333333 0.09592592592592591
