0 0.6809375 0.3465740740740741 0.016979166666666667 0.09814814814814815
0 0.6099739583333332 0.38425925925925924 0.032656250000000005 0.1037037037037037
0 0.4954088541666667 0.30141203703703706 0.0031093749999999997 0.023472222222222224
0 0.7218385416666667 0.5146388888888889 0.023385416666666665 0.1224074074074074
0 0.9930468749999999 0.31805555555555554 0.01390625 0.1075925925925926
0 0.4080989583333334 0.3223611111111111 0.023802083333333335 0.09712962962962964
0 0.6293385416666667 0.7041203703703703 0.036875 0.13898148148148148
0 0.6099739583333332 0.38425925925925924 0.032656250000000005 0.1037037037037037
0 0.8228333333333333 0.6134074074074074 0.026875 0.135
0 0.6809375 0.3465740740740741 0.016979166666666667 0.09814814814814815
0 0.4926927083333333 0.2765185185185185 0.017114583333333332 0.08570370370370371
0 0.4926927083333333 0.2765185185185185 0.017114583333333332 0.08570370370370371
0 0.5049635416666667 0.26918518518518514 0.01328125 0.08377777777777778
0 0.4954088541666667 0.30141203703703706 0.0031093749999999997 0.023472222222222224
0 0.27143229166666666 0.5498611111111111 0.026197916666666664 0.12250000000000001
0 0.6333854166666667 0.2889814814814815 0.022291666666666664 0.09740740740740741
0 0.5049635416666667 0.26918518518518514 0.01328125 0.08377777777777778
0 0.4080989583333334 0.3223611111111111 0.023802083333333335 0.09712962962962964
0 0.7218385416666667 0.5146388888888889 0.023385416666666665 0.1224074074074074
0 0.16002604166666667 0.4039351851851852 0.02921875 0.1149074074074074
0 0.21597395833333335 0.43215740740740743 0.017291666666666667 0.11574074074074074
