0 0.7110416666666667 0.2767592592592593 0.04458333333333333 0.0937037037037037
0 0.8949739583333333 0.43643518518518515 0.029947916666666668 0.11194444444444444
0 0.3725520833333334 0.45069444444444445 0.05645833333333334 0.11527777777777778
0 0.2433125 0.6118194444444445 0.054375 0.13306481481481483
0 0.473828125 0.43296296296296294 0.02578125 0.11981481481481482
0 0.8748697916666667 0.1812037037037037 0.018489583333333334 0.09666666666666668
0 0.2265625 0.5505555555555556 0.04302083333333333 0.11962962962962961
0 0.39027604166666663 0.6975555555555556 0.036000000000000004 0.1367962962962963
0 0.21190104166666665 0.535925925925926 0.04317708333333334 0.12333333333333332
0 0.7998177083333334 0.9091666666666667 0.040364583333333336 0.18166666666666664
0 0.8197369791666667 0.9753703703703702 0.026671875 0.04925925925925926
0 0.6979947916666667 0.2963888888888889 0.027864583333333335 0.0987037037037037
0 0.16294270833333335 0.4363888888888889 0.03442708333333333 0.11777777777777779
0 0.6815078125 0.39693981481481483 0.028421875 0.11506481481481481
