0 0.21950520833333334 0.43462962962962964 0.024427083333333332 0.11259259259259259
0 0.6394270833333333 0.2891666666666667 0.015520833333333334 0.09555555555555556
0 0.6845312499999999 0.34930555555555554 0.027708333333333335 0.0912037037037037
0 0.4155729166666667 0.32013888888888886 0.017812500000000002 0.09490740740740741
0 0.4857552083333333 0.2674074074074074 0.018802083333333334 0.10166666666666667
0 0.9877604166666667 0.31324074074074076 0.022291666666666664 0.10296296296296296
0 0.8225520833333333 0.6061111111111112 0.024166666666666666 0.1298148148148148
0 0.27203125000000006 0.547037037037037 0.024166666666666666 0.12203703703703704
0 0.6364322916666667 0.6954166666666666 0.025989583333333333 0.13564814814814816
0 0.6179427083333333 0.3854629629629629 0.01796875 0.10537037037037036
0 0.518125 0.27060185185185187 0.018125 0.08453703703703704
0 0.7193489583333333 0.5139351851851851 0.022864583333333334 0.1187962962962963
0 0.17765625 0.4060185185185185 0.03791666666666667 0.11074074074074074
