0 0.18195312500000002 0.40384259259259264 0.028385416666666666 0.1149074074074074
0 0.48195312500000004 0.2677777777777778 0.01942708333333333 0.10203703703703704
0 0.42096354166666666 0.3209259259259259 0.023489583333333335 0.09518518518518518
0 0.7177343749999999 0.5131018518518519 0.026406250000000003 0.12046296296296295
0 0.8230989583333332 0.5969907407407408 0.026614583333333334 0.12638888888888888
0 0.6270572916666667 0.3874537037037037 0.03078125 0.10324074074074074
0 0.6483333333333333 0.2889351851851852 0.0253125 0.09601851851851852
0 0.22125 0.4325 0.015625 0.11592592592592593
0 0.690625 0.3494444444444445 0.0125 0.09407407407407407
0 0.28020833333333334 0.5459259259259259 0.02666666666666667 0.12129629629629629
0 0.6418984375 0.6933518518518518 0.02940104166666667 0.13666666666666666
0 0.9819010416666667 0.3112037037037037 0.021510416666666664 0.1024074074074074
0 0.5260937499999999 0.2736574074074074 0.026354166666666668 0.0837962962962963
