0 0.42700520833333333 0.32032407407407404 0.01963541666666667 0.09712962962962964
0 0.22312500000000002 0.4323611111111111 0.015416666666666667 0.11601851851851852
0 0.6386979166666666 0.38546296296296295 0.016354166666666666 0.10296296296296296
0 0.5416927083333333 0.27162037037037035 0.021302083333333333 0.08361111111111111
0 0.6476302083333334 0.6872685185185186 0.03380208333333334 0.1362037037037037
0 0.6523958333333333 0.28805555555555556 0.018020833333333333 0.09444444444444444
0 0.4776302083333333 0.2674074074074074 0.018281250000000002 0.10296296296296296
0 0.276796875 0.5443981481481482 0.03921875 0.12583333333333332
0 0.7170572916666667 0.5128703703703703 0.02484375 0.12037037037037036
0 0.6940104166666666 0.3511111111111111 0.015520833333333334 0.09481481481481482
0 0.19777604166666668 0.4051064814814815 0.038322916666666665 0.11202777777777777
0 0.8245312499999999 0.5953703703703703 0.025833333333333333 0.12925925925925924
0 0.9808072916666666 0.3080555555555555 0.025572916666666667 0.10148148148148148
