0 0.23106770833333334 0.42939814814814814 0.025364583333333336 0.11361111111111111
0 0.9835677083333334 0.3056944444444445 0.026302083333333334 0.10435185185185185
0 0.71640625 0.5128703703703703 0.024479166666666666 0.12092592592592592
0 0.7019270833333332 0.35208333333333336 0.024583333333333336 0.09509259259259259
0 0.6500260416666667 0.38773148148148145 0.031197916666666665 0.10398148148148148
0 0.6647135416666666 0.2874074074074074 0.022135416666666668 0.09537037037037037
0 0.43492187499999996 0.31976851851851856 0.01984375 0.09416666666666666
0 0.6526041666666667 0.6841666666666667 0.025104166666666667 0.13537037037037036
0 0.5564583333333333 0.2726851851851852 0.018541666666666668 0.08314814814814815
0 0.20692708333333334 0.40268518518518515 0.0309375 0.11425925925925927
0 0.82734375 0.5870833333333334 0.025 0.1247222222222222
0 0.4737239583333333 0.26875 0.02421875 0.10138888888888889
0 0.28294270833333335 0.542962962962963 0.04421875 0.12944444444444445
