0 0.44408854166666667 0.3216666666666667 0.021614583333333333 0.09462962962962963
0 0.7188020833333333 0.5133333333333333 0.022916666666666665 0.11981481481481482
0 0.83359375 0.5861574074074075 0.026145833333333333 0.12768518518518518
0 0.6572708333333334 0.6798425925925926 0.02754166666666667 0.1324814814814815
0 0.6690364583333334 0.28856481481481483 0.023489583333333335 0.09453703703703703
0 0.23562500000000003 0.42902777777777773 0.024583333333333336 0.11324074074074074
0 0.28229166666666666 0.5440277777777779 0.041979166666666665 0.12768518518518518
0 0.7065364583333333 0.352824074074074 0.02432291666666667 0.09287037037037037
0 0.5684635416666667 0.2750925925925926 0.02411458333333333 0.08481481481481482
0 0.21449218750000001 0.4032824074074074 0.03500520833333333 0.11267592592592593
0 0.6605989583333333 0.38745370370370374 0.02765625 0.1062037037037037
0 0.46684895833333334 0.26884259259259263 0.015364583333333333 0.10101851851851851
0 0.9880208333333333 0.3056018518518518 0.023958333333333335 0.10398148148148148
