0 0.6133854166666667 0.2797222222222222 0.022395833333333334 0.08462962962962964
0 0.6916927083333333 0.6833333333333333 0.023385416666666665 0.13425925925925927
0 0.4660416666666667 0.32462962962962966 0.022500000000000003 0.09592592592592591
0 0.24635416666666668 0.40347222222222223 0.025 0.11287037037037037
0 0.29497395833333334 0.5507407407407408 0.029010416666666667 0.11962962962962961
0 0.46953125 0.2843055555555556 0.041041666666666664 0.07657407407407407
0 0.6998958333333333 0.2881018518518519 0.014270833333333333 0.09601851851851852
0 0.26190104166666667 0.42986111111111114 0.025156249999999998 0.11324074074074074
0 0.7393489583333334 0.35555555555555557 0.015052083333333332 0.09574074074074075
0 0.7387239583333333 0.5162037037037037 0.022447916666666668 0.1201851851851852
0 0.8639843749999999 0.5835185185185184 0.018802083333333334 0.13203703703703704
0 0.6934114583333333 0.3927777777777778 0.024739583333333332 0.10555555555555556
