0 0.3050520833333333 0.5528240740740741 0.028958333333333332 0.11805555555555555
0 0.47390625 0.32458333333333333 0.02020833333333333 0.09583333333333334
0 0.71140625 0.2894444444444444 0.0134375 0.09425925925925925
0 0.273828125 0.43106481481481485 0.02755208333333333 0.1112037037037037
0 0.6288802083333332 0.28194444444444444 0.022239583333333333 0.08481481481481482
0 0.70546875 0.6864814814814815 0.021354166666666667 0.135
0 0.48244791666666664 0.2875 0.0328125 0.0762962962962963
0 0.7508854166666666 0.35726851851851854 0.016874999999999998 0.09416666666666666
0 0.7065885416666667 0.39458333333333334 0.027760416666666666 0.10527777777777778
0 0.257578125 0.4044907407407407 0.025572916666666667 0.11324074074074074
0 0.8778906249999999 0.585138888888889 0.01703125 0.13194444444444445
0 0.7515625 0.5178703703703703 0.024166666666666666 0.1201851851851852
