0 0.7810416666666667 0.36037037037037034 0.017395833333333333 0.09444444444444444
0 0.5068229166666667 0.29055555555555557 0.034375 0.07185185185185185
0 0.7392187499999999 0.2922222222222222 0.015625 0.09222222222222222
0 0.73484375 0.6929629629629629 0.0234375 0.13574074074074075
0 0.2992447916666667 0.4341666666666667 0.02755208333333333 0.10888888888888888
0 0.2808333333333334 0.40652777777777777 0.018333333333333333 0.11157407407407408
0 0.9100520833333333 0.5905555555555555 0.016354166666666666 0.13314814814814815
0 0.3302864583333333 0.5568518518518518 0.02921875 0.11962962962962961
0 0.499453125 0.32939814814814816 0.025364583333333336 0.09453703703703703
0 0.7808854166666667 0.5221759259259259 0.0234375 0.11861111111111111
0 0.6618229166666667 0.28407407407407403 0.024687499999999998 0.08592592592592592
0 0.7365104166666667 0.39986111111111106 0.029062499999999998 0.10361111111111111
