0 0.9117708333333333 0.1749074074074074 0.025104166666666667 0.09
0 0.43614583333333334 0.6450462962962963 0.05 0.12379629629629628
0 0.274453125 0.43333333333333335 0.03203125 0.1201851851851852
0 0.9352343750000001 0.44731481481481483 0.04369791666666667 0.12
0 0.8419010416666667 0.875 0.045885416666666665 0.1712962962962963
0 0.6829166666666666 0.28152777777777777 0.029791666666666668 0.08805555555555555
0 0.30723958333333334 0.520462962962963 0.06260416666666667 0.12481481481481482
0 0.7003385416666668 0.3961111111111111 0.03380208333333334 0.1137037037037037
0 0.3556484375 0.5311342592592593 0.04440104166666667 0.13506481481481483
0 0.6857812499999999 0.3047222222222222 0.030833333333333334 0.06166666666666666
0 0.437890625 0.43731481481481477 0.047760416666666666 0.12666666666666668
0 0.7905729166666667 0.9537037037037037 0.035625000000000004 0.09259259259259259
0 0.5002864583333333 0.41939814814814813 0.04119791666666666 0.10231481481481482
0 0.40661458333333333 0.6018055555555556 0.04645833333333334 0.11361111111111111
