0 0.7273593750000001 0.431287037037037 0.017343749999999998 0.09853703703703703
0 0.6299739583333335 0.3784259259259259 0.019947916666666666 0.05740740740740741
0 0.7875520833333333 0.7687685185185185 0.06092708333333333 0.09907407407407408
0 0.093 0.45649999999999996 0.026375 0.09144444444444445
0 0.3867265625 0.8914861111111111 0.040213541666666665 0.14999074074074076
0 0.47171874999999996 0.5293518518518519 0.035729166666666666 0.08277777777777778
0 0.6266145833333334 0.3093518518518518 0.02364583333333333 0.07944444444444444
0 0.0247265625 0.5851574074074073 0.030598958333333332 0.12346296296296297
0 0.025625000000000002 0.3365555555555555 0.017249999999999998 0.09111111111111111
0 0.6985937500000001 0.4068981481481481 0.019166666666666665 0.055092592592592596
0 0.5068020833333333 0.27231481481481484 0.016395833333333335 0.06777777777777778
0 0.11435416666666667 0.2171111111111111 0.022354166666666668 0.07737037037037037
0 0.37591145833333334 0.33912037037037035 0.01796875 0.08527777777777777
0 0.9499609375 0.5972824074074075 0.02959895833333333 0.1101388888888889
0 0.6044010416666666 0.2775925925925926 0.024947916666666667 0.06444444444444444
