0 0.08140625 0.40666666666666673 0.0269375 0.09844444444444443
0 0.30407031250000005 0.8174074074074074 0.033067708333333334 0.15100000000000002
0 0.6407135416666667 0.708949074074074 0.046843749999999997 0.12017592592592592
0 0.6646875 0.4003703703703704 0.03697916666666667 0.07666666666666666
0 0.10360416666666666 0.17579629629629628 0.0248125 0.07785185185185185
0 0.4388802083333333 0.23046296296296298 0.02421875 0.06592592592592593
0 0.7482161458333334 0.38230555555555557 0.021640625 0.07759259259259259
0 0.8401562499999999 0.5452777777777778 0.0336875 0.103
0 0.5741406250000001 0.36291666666666667 0.01942708333333333 0.07509259259259259
0 0.6090364583333333 0.2718518518518519 0.01484375 0.08333333333333333
0 0.5638124999999999 0.4781111111111111 0.02275 0.07644444444444444
0 0.3329947916666667 0.3172222222222222 0.018177083333333333 0.08185185185185186
0 0.0032552083333333335 0.291662037037037 0.006510416666666667 0.024083333333333335
0 0.8801458333333333 0.43827777777777777 0.03908333333333334 0.09144444444444445
0 0.5480729166666668 0.24011574074074074 0.029062499999999998 0.06680555555555556
