0 0.7013541666666667 0.3002314814814815 0.029895833333333333 0.08231481481481483
0 0.73390625 0.9694675925925925 0.029 0.061064814814814815
0 0.558671875 0.35750462962962964 0.026197916666666664 0.07610185185185185
0 0.6037786458333334 0.49372222222222223 0.023036458333333332 0.10698148148148148
0 0.8646927083333333 0.7739722222222222 0.026479166666666668 0.13127777777777777
0 0.3889635416666667 0.518625 0.024822916666666663 0.10106481481481482
0 0.7779427083333333 0.18995370370370368 0.02234375 0.06287037037037038
0 0.3829427083333333 0.3260648148148148 0.02765625 0.08361111111111111
0 0.24278645833333332 0.5532916666666667 0.02332291666666667 0.12239814814814814
0 0.4463020833333333 0.1360648148148148 0.01625 0.06731481481481481
