0 0.5948958333333334 0.3480555555555555 0.025520833333333333 0.08370370370370371
0 0.7501822916666667 0.1928703703703704 0.024635416666666667 0.06425925925925927
0 0.9665625 0.27620370370370373 0.0215625 0.07814814814814815
0 0.22675 0.5614444444444443 0.026375 0.12
0 0.378203125 0.31851851851851853 0.016302083333333335 0.08277777777777778
0 0.72875 0.9802222222222221 0.026041666666666668 0.03955555555555555
0 0.6016875 0.4791666666666667 0.021249999999999998 0.09966666666666667
0 0.43686197916666664 0.14735648148148148 0.015911458333333333 0.06637962962962962
0 0.8680078125 0.7712222222222223 0.027713541666666668 0.13853703703703704
0 0.74265625 0.30641666666666667 0.024187499999999997 0.08961111111111111
0 0.37975 0.5068888888888888 0.022125 0.11177777777777778
