0 0.7222395833333334 0.20074074074074075 0.029583333333333333 0.06796296296296298
0 0.3755 0.5058888888888889 0.02575 0.11222222222222222
0 0.6258463541666667 0.3506018518518519 0.033984375 0.07972222222222222
0 0.42916145833333336 0.15712962962962962 0.015614583333333333 0.0725925925925926
0 0.2151223958333333 0.5681944444444446 0.034380208333333336 0.1167962962962963
0 0.7715624999999999 0.3161111111111111 0.016458333333333335 0.09592592592592591
0 0.9902838541666666 0.45355555555555555 0.019432291666666667 0.09007407407407407
0 0.875359375 0.7717962962962963 0.025020833333333332 0.1396851851851852
0 0.929296875 0.27925925925925926 0.018281250000000002 0.07611111111111112
0 0.717421875 0.9892592592592592 0.010572916666666666 0.02148148148148148
0 0.5994375000000001 0.4773888888888889 0.02175 0.09655555555555556
0 0.37320312499999997 0.32796296296296296 0.016197916666666666 0.07944444444444444
0 0.9982864583333334 0.41524537037037035 0.003427083333333333 0.007916666666666667
