0 0.7025416666666667 0.9892546296296296 0.01040625 0.02149074074074074
0 0.60340625 0.4642777777777778 0.0215625 0.103
0 0.3844375 0.4903333333333333 0.025 0.09866666666666667
0 0.7971510416666666 0.31887499999999996 0.019052083333333334 0.09415740740740741
0 0.9539557291666667 0.4481296296296296 0.040984374999999997 0.08696296296296296
0 0.8906484375 0.7570324074074073 0.030567708333333332 0.1313425925925926
0 0.89703125 0.28087962962962965 0.0240625 0.07194444444444445
0 0.19853385416666666 0.5649166666666666 0.03569270833333334 0.11631481481481482
0 0.6653125000000001 0.35550925925925925 0.019479166666666665 0.08194444444444444
0 0.9955989583333333 0.41265277777777776 0.008802083333333332 0.0786388888888889
0 0.38306250000000003 0.33372222222222225 0.029125 0.08322222222222221
0 0.42942447916666665 0.16375 0.016140625 0.07101851851851852
0 0.6990104166666666 0.2085138888888889 0.022708333333333334 0.06610185185185186
