0 0.40953124999999996 0.3332222222222222 0.0194375 0.09066666666666667
0 0.43080729166666665 0.16368981481481482 0.01932291666666667 0.06923148148148148
0 0.9114088541666666 0.7283657407407408 0.03953645833333333 0.1265462962962963
0 0.7079947916666668 0.3514351851851852 0.01973958333333333 0.08287037037037037
0 0.17002604166666666 0.5576898148148147 0.045656249999999995 0.11626851851851851
0 0.814375 0.31427777777777777 0.015625 0.08722222222222223
0 0.9823255208333334 0.40531944444444445 0.023546875000000002 0.09978703703703704
0 0.90015625 0.2734212962962963 0.020104166666666666 0.08297222222222222
0 0.6886015625 0.9847916666666667 0.01825520833333333 0.030416666666666668
0 0.8555677083333334 0.4331435185185185 0.030375 0.07697222222222222
0 0.6050755208333334 0.44333333333333336 0.022151041666666666 0.09555555555555556
0 0.41343749999999996 0.46611111111111114 0.020874999999999998 0.10644444444444444
0 0.6936197916666667 0.20541666666666666 0.029010416666666667 0.07268518518518519
