0 0.7549244791666667 0.4325509259259259 0.028651041666666665 0.07721296296296297
0 0.9008125 0.2725 0.019 0.08233333333333334
0 0.7244062499999999 0.3488888888888889 0.023187500000000003 0.078
0 0.8227604166666667 0.31796296296296295 0.020833333333333332 0.0874074074074074
0 0.42134895833333336 0.16175925925925924 0.016135416666666666 0.07148148148148148
0 0.1601744791666667 0.5550046296296296 0.033567708333333335 0.12017592592592592
0 0.4119010416666667 0.32792129629629635 0.01942708333333333 0.08712037037037038
0 0.6635416666666667 0.9904166666666665 0.010208333333333335 0.019166666666666665
0 0.9148255208333332 0.7169583333333334 0.027598958333333333 0.12360185185185187
0 0.6020625 0.4366851851851852 0.018875 0.09351851851851851
0 0.6950260416666667 0.20476851851851852 0.025156249999999998 0.0725
0 0.44328124999999996 0.4515 0.019187500000000003 0.09633333333333334
0 0.9665 0.3968888888888889 0.028625 0.09022222222222222
