0 0.39041666666666663 0.5906018518518519 0.03885416666666666 0.13694444444444445
0 0.970546875 0.4613888888888889 0.03515625 0.12962962962962962
0 0.37554687500000006 0.4143981481481482 0.028489583333333336 0.13194444444444445
0 0.5016927083333333 0.43406944444444445 0.03651041666666666 0.12776851851851853
0 0.6798958333333333 0.3033796296296296 0.04125 0.041944444444444444
0 0.7276822916666668 0.3790277777777778 0.020572916666666666 0.10842592592592593
0 0.5657031250000001 0.4035648148148148 0.021510416666666664 0.12638888888888888
0 0.4822916666666667 0.5119444444444444 0.0359375 0.12555555555555556
0 0.43697916666666664 0.5613888888888889 0.0378125 0.13537037037037036
0 0.859765625 0.8407407407407408 0.048281250000000005 0.1748148148148148
0 0.42994791666666665 0.47223611111111113 0.04052083333333333 0.09058333333333334
0 0.7384375 0.928611111111111 0.03822916666666667 0.14277777777777775
0 0.7350781249999999 0.27999999999999997 0.030260416666666668 0.09981481481481481
0 0.9696874999999999 0.16935185185185186 0.0328125 0.09351851851851851
