0 0.45289062500000005 0.43157407407407405 0.022239583333333333 0.10500000000000001
0 0.8252604166666667 0.3285648148148148 0.021145833333333332 0.0913888888888889
0 0.67421875 0.20027777777777778 0.015208333333333332 0.07277777777777777
0 0.9679947916666667 0.36527777777777776 0.02453125 0.08166666666666667
0 0.5836718750000001 0.43689814814814815 0.02255208333333333 0.08898148148148148
0 0.38687499999999997 0.3077314814814815 0.026979166666666665 0.08027777777777778
0 0.14286458333333335 0.5587962962962963 0.024479166666666666 0.12222222222222222
0 0.386328125 0.15689814814814818 0.017239583333333332 0.07157407407407407
0 0.9080208333333333 0.7206481481481481 0.0190625 0.12851851851851853
0 0.6948177083333335 0.34296296296296297 0.03244791666666667 0.07611111111111112
0 0.9399739583333333 0.39754629629629634 0.02109375 0.09046296296296297
0 0.8860156250000001 0.26231481481481483 0.015885416666666666 0.07944444444444444
0 0.596796875 0.44166666666666665 0.014947916666666667 0.08777777777777777
