0 0.41635416666666664 0.1735648148148148 0.0196875 0.07509259259259259
0 0.705859375 0.21050925925925926 0.014739583333333334 0.07194444444444445
0 0.8713020833333333 0.3706944444444445 0.023020833333333334 0.09601851851851852
0 0.44942708333333337 0.43962962962962965 0.029895833333333333 0.09907407407407408
0 0.9360416666666665 0.7548611111111111 0.03239583333333333 0.13027777777777777
0 0.6396614583333332 0.425 0.02796875 0.07944444444444444
0 0.9857291666666667 0.43990740740740736 0.0190625 0.10074074074074074
0 0.4252864583333333 0.32546296296296295 0.02359375 0.0788888888888889
0 0.6200781249999999 0.4868981481481482 0.028697916666666667 0.09842592592592592
0 0.6015364583333332 0.3389351851851852 0.020677083333333336 0.0775
0 0.9328385416666667 0.40578703703703706 0.025052083333333332 0.08601851851851852
0 0.16747395833333334 0.5699074074074074 0.03046875 0.12277777777777778
0 0.9131250000000001 0.27199074074074076 0.019270833333333334 0.08194444444444444
