0 0.8598697916666667 0.3650462962962963 0.01942708333333333 0.09898148148148149
0 0.15692708333333333 0.5553703703703704 0.02354166666666667 0.12722222222222224
0 0.8807552083333333 0.25435185185185183 0.02578125 0.08018518518518518
0 0.4312239583333334 0.3221759259259259 0.024947916666666667 0.0925
0 0.6022135416666666 0.5022685185185186 0.030260416666666668 0.10305555555555555
0 0.6625520833333333 0.4199074074074074 0.015416666666666667 0.07185185185185185
0 0.968203125 0.44060185185185186 0.026302083333333334 0.10342592592592594
0 0.5201041666666667 0.32537037037037037 0.025625000000000002 0.0812962962962963
0 0.9098958333333333 0.7453240740740741 0.029270833333333336 0.12287037037037037
0 0.6880208333333333 0.1988425925925926 0.016874999999999998 0.07287037037037038
0 0.8875260416666667 0.41347222222222224 0.024635416666666667 0.08842592592592592
0 0.41708333333333336 0.4221759259259259 0.0209375 0.09916666666666667
0 0.4181770833333333 0.15925925925925927 0.0196875 0.07314814814814814
