0 0.8094531249999999 0.41578703703703707 0.023489583333333335 0.09027777777777778
0 0.804453125 0.3529166666666667 0.020677083333333336 0.09324074074074075
0 0.6424218749999999 0.43449074074074073 0.03057291666666667 0.08675925925925926
0 0.112265625 0.5500925925925926 0.025989583333333333 0.12203703703703704
0 0.36723958333333334 0.13773148148148148 0.015729166666666666 0.07324074074074073
0 0.531328125 0.5031018518518519 0.021718750000000002 0.10379629629629629
0 0.46791666666666665 0.31319444444444444 0.022291666666666664 0.08435185185185184
0 0.35359375 0.4091203703703704 0.015104166666666667 0.09953703703703703
0 0.6273177083333332 0.18791666666666665 0.01703125 0.06861111111111111
0 0.8640885416666666 0.7491666666666666 0.02796875 0.1340740740740741
0 0.9942031250000001 0.3638240740740741 0.011593750000000002 0.0685925925925926
0 0.8028645833333333 0.23828703703703705 0.020104166666666666 0.07916666666666666
0 0.9825625 0.6436666666666666 0.034874999999999996 0.11466666666666667
0 0.35153645833333336 0.31013888888888885 0.02234375 0.0912037037037037
0 0.9155729166666666 0.4252314814814815 0.023020833333333334 0.10064814814814815
