0 0.9018750000000001 0.6285648148148147 0.028854166666666667 0.12787037037037036
0 0.6629947916666665 0.4114351851851851 0.018072916666666668 0.1063888888888889
0 0.95265625 0.3789814814814815 0.022708333333333334 0.1012962962962963
0 0.6097395833333333 0.6396296296296295 0.034687499999999996 0.12185185185185185
0 0.8125260416666666 0.4150462962962963 0.019114583333333334 0.09212962962962963
0 0.5801041666666668 0.4374074074074074 0.030625 0.1037037037037037
0 0.6173697916666666 0.420787037037037 0.019114583333333334 0.10101851851851851
0 0.4328125 0.7489814814814815 0.029479166666666667 0.13666666666666666
0 0.6066666666666667 0.33564814814814814 0.017708333333333333 0.08574074074074074
0 0.48796875 0.42148148148148146 0.013333333333333334 0.11185185185185186
0 0.9786197916666666 0.12773148148148147 0.021718750000000002 0.07842592592592593
0 0.25734375 0.31402777777777774 0.028854166666666667 0.10824074074074075
0 0.7272916666666666 0.41435185185185186 0.04072916666666667 0.025185185185185185
0 0.7945833333333334 0.4314351851851852 0.03666666666666667 0.10231481481481482
0 0.6163281250000001 0.3452777777777778 0.016302083333333335 0.0737037037037037
0 0.36390625 0.5361111111111111 0.021770833333333333 0.11203703703703703
0 0.653203125 0.345787037037037 0.01890625 0.0937962962962963
