0 0.3767447916666667 0.4038425925925926 0.029114583333333333 0.08824074074074074
0 0.719296875 0.6156481481481482 0.02234375 0.11222222222222222
0 0.9153645833333334 0.2753240740740741 0.022187500000000002 0.0699074074074074
0 0.21619791666666666 0.6010648148148148 0.0309375 0.1112037037037037
0 0.7012135416666667 0.38243518518518516 0.014760416666666666 0.08718518518518519
0 0.4038802083333334 0.15486111111111112 0.01546875 0.06231481481481481
0 0.36125 0.2803703703703704 0.022500000000000003 0.06722222222222221
0 0.751171875 0.6776388888888889 0.02432291666666667 0.12064814814814816
0 0.9759895833333334 0.6273148148148148 0.023958333333333335 0.11166666666666666
0 0.48557291666666663 0.5333333333333333 0.022291666666666664 0.10685185185185185
0 0.8993749999999999 0.4524537037037037 0.017395833333333333 0.09620370370370371
0 0.9605729166666667 0.46273148148148147 0.02 0.09027777777777778
0 0.7372135416666665 0.20351851851851852 0.019114583333333334 0.06425925925925927
0 0.9376302083333333 0.48777777777777775 0.026927083333333334 0.09648148148148149
