0 0.5065625 0.4994907407407408 0.020729166666666667 0.10953703703703703
0 0.37531249999999994 0.15444444444444447 0.019583333333333335 0.0674074074074074
0 0.40130208333333334 0.27305555555555555 0.020520833333333332 0.07814814814814815
0 0.7139583333333335 0.6451388888888889 0.03270833333333333 0.10916666666666668
0 0.91859375 0.26572222222222225 0.0188125 0.077
0 0.39166666666666666 0.4006018518518518 0.024687499999999998 0.08657407407407407
0 0.698984375 0.5696296296296296 0.021822916666666668 0.11166666666666666
0 0.1484375 0.63375 0.02354166666666667 0.12027777777777779
0 0.6797395833333333 0.3697222222222222 0.016145833333333335 0.08592592592592592
0 0.9103385416666666 0.5709722222222223 0.021614583333333333 0.11472222222222223
0 0.930546875 0.48574074074074075 0.031197916666666665 0.10018518518518518
0 0.7392187499999999 0.1937962962962963 0.0171875 0.06388888888888888
0 0.8659375 0.41291666666666665 0.017395833333333333 0.09472222222222222
0 0.9355208333333334 0.4248148148148148 0.014479166666666666 0.049444444444444444
0 0.9437239583333333 0.4772685185185185 0.006302083333333333 0.008425925925925925
