0 0.9224739583333333 0.4962037037037037 0.020260416666666666 0.10222222222222223
0 0.40846354166666665 0.39375 0.02421875 0.08657407407407407
0 0.880625 0.5519907407407407 0.021354166666666667 0.11361111111111111
0 0.09329166666666668 0.6774351851851852 0.02666666666666667 0.13403703703703704
0 0.42354166666666665 0.274537037037037 0.020729166666666667 0.07962962962962963
0 0.7420052083333333 0.19490740740740742 0.020364583333333335 0.06648148148148147
0 0.6357031249999999 0.3667592592592593 0.02453125 0.07277777777777777
0 0.4901041666666667 0.484212962962963 0.01864583333333333 0.10805555555555556
0 0.35065104166666666 0.16185185185185186 0.01921875 0.06851851851851852
0 0.7027083333333334 0.6557407407407406 0.028541666666666667 0.11814814814814814
0 0.8585677083333334 0.40314814814814814 0.017760416666666667 0.09351851851851851
0 0.6816875 0.549148148148148 0.021979166666666668 0.11255555555555556
0 0.9245572916666667 0.44254629629629627 0.02421875 0.09268518518518518
