0 0.888671875 0.4397222222222222 0.01598958333333333 0.08518518518518518
0 0.825625 0.4013888888888889 0.019270833333333334 0.09111111111111111
0 0.8901041666666667 0.5192592592592592 0.029895833333333333 0.10703703703703703
0 0.8887239583333334 0.26990740740740743 0.021822916666666668 0.08037037037037037
0 0.8383072916666666 0.5440277777777778 0.01984375 0.11324074074074074
0 0.6345052083333333 0.5412962962962963 0.02390625 0.11388888888888889
0 0.6311458333333334 0.6813425925925927 0.029062499999999998 0.12175925925925926
0 0.5884114583333333 0.3872685185185185 0.01942708333333333 0.08453703703703704
0 0.012473958333333333 0.73125 0.024947916666666667 0.14564814814814817
0 0.410703125 0.28245370370370365 0.027864583333333335 0.08453703703703704
0 0.9969791666666666 0.2938842592592593 0.0060416666666666665 0.04175
0 0.43875000000000003 0.48064814814814816 0.018958333333333334 0.10925925925925926
0 0.28770833333333334 0.17078703703703701 0.016979166666666667 0.07546296296296297
0 0.41375 0.39467592592592593 0.02354166666666667 0.0875
0 0.7372916666666668 0.20050925925925928 0.017083333333333332 0.06620370370370371
