0 0.5863906249999999 0.5470370370370371 0.023302083333333334 0.11870370370370369
0 0.850703125 0.2843055555555556 0.019114583333333334 0.08046296296296297
0 0.5849218749999999 0.7074537037037036 0.031302083333333335 0.12546296296296297
0 0.7980729166666668 0.5521296296296296 0.023854166666666666 0.11462962962962962
0 0.39398437499999994 0.4880092592592593 0.020885416666666667 0.11657407407407408
0 0.233828125 0.18481481481481485 0.01932291666666667 0.07722222222222223
0 0.7255208333333333 0.20949074074074073 0.02625 0.07027777777777779
0 0.9420833333333334 0.32384259259259257 0.019166666666666665 0.08453703703703704
0 0.8463802083333333 0.45578703703703705 0.02109375 0.09564814814814815
0 0.9967447916666666 0.347337962962963 0.006510416666666667 0.021249999999999998
0 0.3893489583333334 0.40185185185185185 0.016614583333333332 0.08981481481481482
0 0.391875 0.28888888888888886 0.025520833333333333 0.08666666666666666
0 0.5496614583333334 0.4009259259259259 0.018697916666666665 0.08796296296296297
0 0.8605208333333334 0.5397222222222222 0.025 0.11259259259259259
0 0.786953125 0.4118981481481482 0.01921875 0.0936111111111111
