0 0.42388020833333334 0.5505555555555556 0.02578125 0.1475925925925926
0 0.6270572916666667 0.5214351851851852 0.028697916666666667 0.1375
0 0.6315364583333333 0.4051388888888888 0.018593750000000003 0.13675925925925925
0 0.5433072916666667 0.4957870370370371 0.02734375 0.14750000000000002
0 0.7358854166666666 0.2751388888888889 0.03104166666666667 0.1137962962962963
0 0.8430208333333333 0.2798148148148148 0.018020833333333333 0.11277777777777777
0 0.786484375 0.35490740740740734 0.018697916666666665 0.12518518518518518
0 0.8498177083333333 0.7781018518518519 0.032135416666666666 0.1789814814814815
0 0.603828125 0.4219444444444445 0.03244791666666667 0.14148148148148149
0 0.41236979166666665 0.38222222222222224 0.05307291666666667 0.13333333333333333
0 0.253125 0.5234722222222222 0.024270833333333335 0.13675925925925925
0 0.7648958333333334 0.8786111111111111 0.0278125 0.17222222222222222
