0 0.7395833333333334 0.4222222222222222 0.0209375 0.10166666666666667
0 0.49796874999999996 0.40425925925925926 0.024270833333333335 0.09092592592592592
0 0.16698437500000002 0.2003240740740741 0.012802083333333332 0.08342592592592592
0 0.8844270833333333 0.3589351851851852 0.020104166666666666 0.08768518518518519
0 0.8051822916666667 0.4649074074074074 0.02359375 0.09851851851851852
0 0.34036458333333336 0.4971296296296296 0.022500000000000003 0.10925925925925926
0 0.8343489583333333 0.5637037037037037 0.01953125 0.11574074074074074
0 0.8151822916666666 0.2966666666666667 0.020364583333333335 0.08574074074074074
0 0.7277083333333334 0.22203703703703706 0.024687499999999998 0.07222222222222222
0 0.35572916666666665 0.4277314814814815 0.018333333333333333 0.09675925925925925
0 0.765078125 0.5631018518518518 0.02421875 0.11212962962962962
0 0.5364322916666667 0.5558796296296296 0.021822916666666668 0.1260185185185185
0 0.9451822916666667 0.34550925925925924 0.024635416666666667 0.08916666666666666
0 0.5439869791666666 0.7370231481481482 0.02978645833333333 0.13237962962962962
0 0.3790364583333333 0.30671296296296297 0.022864583333333334 0.09157407407407409
