0 0.37125 0.3189814814814815 0.03197916666666666 0.08611111111111111
0 0.4688020833333333 0.4005092592592593 0.022708333333333334 0.0850925925925926
0 0.8313281250000001 0.38282407407407404 0.020468749999999997 0.0912037037037037
0 0.7385416666666667 0.5702777777777778 0.027604166666666666 0.11296296296296296
0 0.722890625 0.2375925925925926 0.02713541666666667 0.07222222222222222
0 0.6932031249999999 0.4396759259259259 0.029531250000000002 0.10027777777777777
0 0.507421875 0.560138888888889 0.02432291666666667 0.12398148148148148
0 0.5145052083333334 0.7458796296296296 0.026822916666666665 0.13453703703703704
0 0.8065104166666667 0.5804166666666667 0.030312500000000003 0.11435185185185186
0 0.32783854166666665 0.4376388888888889 0.029322916666666664 0.09694444444444444
0 0.7972395833333333 0.30689814814814814 0.024166666666666666 0.08342592592592592
0 0.12544270833333332 0.2193055555555556 0.024739583333333332 0.08416666666666667
0 0.9123177083333333 0.3624074074074074 0.020677083333333336 0.09944444444444445
0 0.30336197916666663 0.5048055555555555 0.023744791666666668 0.11698148148148148
0 0.7743229166666665 0.46958333333333335 0.021979166666666668 0.09694444444444444
