0 0.715625 0.5720833333333334 0.023125 0.11361111111111111
0 0.087578125 0.23037037037037036 0.01421875 0.08814814814814816
0 0.8871614583333334 0.3852314814814815 0.03901041666666667 0.09694444444444444
0 0.7852604166666667 0.30972222222222223 0.016145833333333335 0.08518518518518518
0 0.4911197916666667 0.7514814814814815 0.028593749999999998 0.13222222222222224
0 0.7509374999999999 0.46782407407407406 0.021875 0.09861111111111111
0 0.73265625 0.24578703703703703 0.030520833333333334 0.07157407407407407
0 0.7738541666666666 0.4019444444444445 0.029791666666666668 0.0824074074074074
0 0.48515625 0.5594907407407408 0.02041666666666667 0.12009259259259258
0 0.29109375 0.43949074074074074 0.0284375 0.0937962962962963
0 0.2660677083333333 0.506898148148148 0.02234375 0.11768518518518518
0 0.6565104166666667 0.451712962962963 0.0265625 0.10416666666666667
0 0.7940104166666667 0.5906018518518519 0.0309375 0.11787037037037036
0 0.44096354166666674 0.3918055555555556 0.02390625 0.08953703703703704
0 0.360703125 0.3305092592592593 0.031197916666666665 0.08583333333333333
