0 0.353515625 0.33041666666666664 0.02015625 0.09342592592592593
0 0.8416927083333333 0.39148148148148143 0.04088541666666667 0.09055555555555556
0 0.23640625 0.4377314814814815 0.038125 0.07972222222222222
0 0.39979166666666666 0.3725 0.024895833333333332 0.07777777777777778
0 0.06127604166666666 0.24074074074074073 0.02296875 0.08703703703703704
0 0.7051822916666667 0.3999074074074074 0.014322916666666666 0.08833333333333333
0 0.7939843750000001 0.3108796296296296 0.024427083333333332 0.08768518518518519
0 0.7873697916666667 0.596111111111111 0.029739583333333333 0.11814814814814814
0 0.7736458333333334 0.25277777777777777 0.029062499999999998 0.07444444444444445
0 0.6339062500000001 0.46078703703703705 0.024166666666666666 0.10712962962962963
0 0.242265625 0.5039351851851852 0.03494791666666666 0.11027777777777777
0 0.7019270833333333 0.5687037037037037 0.021354166666666667 0.115
0 0.4759114583333333 0.5528703703703703 0.024427083333333332 0.12796296296296295
0 0.4769010416666667 0.7476851851851852 0.02546875 0.13166666666666665
0 0.73453125 0.45037037037037037 0.021145833333333332 0.08925925925925926
