0 0.47546875 0.5371296296296296 0.028541666666666667 0.1224074074074074
0 0.07312500000000001 0.23671296296296293 0.019583333333333335 0.08694444444444445
0 0.80984375 0.38435185185185183 0.026354166666666668 0.09888888888888889
0 0.24869791666666666 0.47578703703703706 0.03104166666666667 0.09342592592592593
0 0.6950000000000001 0.5524537037037037 0.027291666666666665 0.1162037037037037
0 0.71828125 0.42787037037037035 0.020833333333333332 0.09296296296296297
0 0.668515625 0.3844444444444444 0.020052083333333335 0.08796296296296297
0 0.26752604166666666 0.42430555555555555 0.04286458333333333 0.08546296296296296
0 0.8283333333333334 0.24833333333333332 0.016041666666666666 0.062037037037037036
0 0.4859114583333334 0.731388888888889 0.028593749999999998 0.1290740740740741
0 0.4067447916666667 0.351712962962963 0.02328125 0.07546296296296297
0 0.8006770833333333 0.5878240740740741 0.026875 0.11916666666666666
0 0.366796875 0.3225925925925926 0.03244791666666667 0.0812962962962963
0 0.8311197916666667 0.3015277777777778 0.02234375 0.08731481481481482
0 0.64921875 0.4546296296296296 0.0265625 0.1025925925925926
