0 0.6414322916666666 0.3987037037037037 0.03015625 0.0862962962962963
0 0.29703124999999997 0.3095833333333334 0.0228125 0.0862037037037037
0 0.5872916666666668 0.3749074074074074 0.022604166666666665 0.08777777777777777
0 0.33166666666666667 0.41810185185185184 0.0275 0.0937962962962963
0 0.45484375 0.7183796296296296 0.033854166666666664 0.13027777777777777
0 0.4199479166666667 0.3315740740740741 0.021979166666666668 0.07796296296296297
0 0.7893749999999999 0.37810185185185186 0.035520833333333335 0.0936111111111111
0 0.4209375 0.5081944444444445 0.027291666666666665 0.12250000000000001
0 0.6435416666666666 0.5268981481481481 0.021666666666666667 0.11583333333333333
0 0.8318229166666666 0.24828703703703703 0.018333333333333333 0.08009259259259259
0 0.6644791666666666 0.4336574074074074 0.018958333333333334 0.10824074074074075
0 0.8520312499999999 0.30092592592592593 0.022708333333333334 0.08944444444444444
0 0.7942447916666667 0.5718981481481481 0.02578125 0.11731481481481482
0 0.055312499999999994 0.22958333333333333 0.018333333333333333 0.08712962962962963
0 0.31002604166666664 0.4246759259259259 0.031614583333333335 0.10027777777777777
