0 0.5248958333333333 0.36574074074074076 0.0134375 0.09166666666666666
0 0.6858333333333333 0.43560185185185185 0.026145833333333333 0.1012037037037037
0 0.7920312500000001 0.5641666666666667 0.021770833333333333 0.11240740740740741
0 0.33815104166666665 0.4057407407407408 0.04067708333333333 0.0788888888888889
0 0.7958072916666665 0.2576851851851852 0.02432291666666667 0.07722222222222223
0 0.37328125 0.3393981481481481 0.026770833333333334 0.07805555555555556
0 0.0328125 0.2346296296296296 0.029270833333333336 0.08296296296296296
0 0.2540104166666667 0.3226851851851852 0.0234375 0.08555555555555557
0 0.826953125 0.37634259259259256 0.01796875 0.10175925925925926
0 0.601015625 0.5149537037037036 0.024010416666666666 0.10694444444444444
0 0.8390625 0.3066203703703704 0.027604166666666666 0.08916666666666666
0 0.5719531250000001 0.3862962962962963 0.024635416666666667 0.08481481481481482
0 0.4046875 0.7127314814814815 0.044270833333333336 0.11064814814814815
0 0.3938802083333333 0.4047685185185185 0.03755208333333333 0.0936111111111111
0 0.37330729166666665 0.5001851851851852 0.02744791666666667 0.11962962962962961
