0 0.8566666666666667 0.30486111111111114 0.018333333333333333 0.08805555555555555
0 0.7311979166666667 0.4335185185185186 0.019270833333333334 0.10018518518518518
0 0.28890625000000003 0.32296296296296295 0.042395833333333334 0.08
0 0.04791666666666667 0.23222222222222222 0.02802083333333333 0.08259259259259259
0 0.5470833333333334 0.35574074074074075 0.0125 0.08703703703703704
0 0.804296875 0.2587962962962963 0.01640625 0.07925925925925925
0 0.5563281250000001 0.3812962962962963 0.029114583333333333 0.08666666666666666
0 0.6078645833333333 0.5124074074074074 0.0284375 0.10685185185185185
0 0.39130208333333333 0.5013888888888889 0.0384375 0.11018518518518519
0 0.8890885416666666 0.3802777777777778 0.01598958333333333 0.10018518518518518
0 0.32760416666666664 0.3963425925925926 0.034687499999999996 0.08101851851851852
0 0.8350260416666667 0.57375 0.01765625 0.1149074074074074
0 0.45677083333333335 0.4036111111111111 0.03302083333333333 0.08833333333333333
0 0.3335677083333334 0.33509259259259255 0.020260416666666666 0.08407407407407406
0 0.35819270833333333 0.6972592592592592 0.044947916666666664 0.12001851851851852
