0 0.6168489583333333 0.35111111111111115 0.014427083333333333 0.07981481481481481
0 0.7838333333333334 0.4418148148148148 0.0235 0.09266666666666666
0 0.18519010416666667 0.9803703703703703 0.028244791666666665 0.03925925925925926
0 0.9529166666666666 0.3855092592592592 0.022395833333333334 0.0975
0 0.10729166666666666 0.23939814814814817 0.030312500000000003 0.07694444444444444
0 0.8891406249999999 0.5835648148148148 0.026614583333333334 0.1100925925925926
0 0.3199270833333333 0.32853703703703707 0.0268125 0.08744444444444444
0 0.8354947916666667 0.27111111111111114 0.019947916666666666 0.0737037037037037
0 0.504296875 0.39287037037037037 0.03171875 0.08555555555555557
0 0.8883333333333334 0.31101851851851847 0.02625 0.08685185185185185
0 0.164046875 0.9977314814814814 0.004135416666666667 0.004537037037037037
0 0.6487760416666667 0.5133796296296296 0.02890625 0.1000925925925926
0 0.33151041666666664 0.675601851851852 0.04770833333333333 0.11194444444444444
0 0.32914062499999996 0.40032407407407405 0.03078125 0.08916666666666666
0 0.33708333333333335 0.3346296296296296 0.015729166666666666 0.08055555555555556
0 0.5808958333333333 0.38092592592592595 0.023 0.08444444444444445
0 0.43059895833333334 0.5031944444444445 0.029114583333333333 0.10175925925925926
