0 0.29104166666666664 0.4636574074074074 0.017083333333333332 0.10472222222222222
0 0.8923932291666666 0.6539861111111112 0.027796875 0.12010185185185186
0 0.5557552083333334 0.38101851851851853 0.014114583333333335 0.09148148148148148
0 0.1882708333333333 0.5146481481481481 0.02625 0.1118888888888889
0 0.4488020833333334 0.4549537037037037 0.0171875 0.0975
0 0.26855208333333336 0.5026481481481482 0.021687500000000002 0.10500000000000001
0 0.5430729166666667 0.4025462962962963 0.0184375 0.08916666666666666
0 0.7642708333333332 0.7624074074074074 0.043854166666666666 0.12777777777777777
0 0.6579427083333333 0.23249999999999998 0.014947916666666667 0.07851851851851852
0 0.38171875 0.5912037037037037 0.019791666666666666 0.11555555555555555
0 0.148828125 0.46101851851851855 0.023177083333333334 0.10944444444444444
0 0.86984375 0.5945370370370371 0.026770833333333334 0.11018518518518519
0 0.5657291666666667 0.39740740740740743 0.018229166666666668 0.08537037037037037
0 0.34674479166666666 0.4652314814814815 0.014531249999999999 0.10712962962962963
0 0.6088958333333333 0.4981481481481482 0.02325 0.10333333333333333
0 0.7537760416666667 0.415462962962963 0.01421875 0.08814814814814816
0 0.6828385416666667 0.4017592592592593 0.015364583333333333 0.09185185185185185
0 0.1921875 0.5715277777777777 0.03104166666666667 0.11361111111111111
