0 0.19291666666666668 0.6376388888888889 0.03520833333333333 0.1362037037037037
0 0.4535677083333333 0.7334259259259259 0.029531250000000002 0.1438888888888889
0 0.026302083333333334 0.3811481481481481 0.0380625 0.10177777777777777
0 0.21515625000000002 0.4638888888888889 0.023020833333333334 0.10851851851851853
0 0.8726041666666666 0.7239351851851852 0.0315625 0.14324074074074072
0 0.40718750000000004 0.4941666666666667 0.0215625 0.10648148148148148
0 0.5009114583333333 0.39620370370370367 0.020677083333333336 0.0887037037037037
0 0.9108723958333333 0.9509537037037037 0.035765625 0.09809259259259259
0 0.5141197916666667 0.40006018518518516 0.01942708333333333 0.09680555555555555
0 0.8061458333333333 0.4570370370370371 0.02822916666666667 0.11259259259259259
