0 0.48820833333333336 0.7611249999999999 0.028645833333333332 0.15093518518518517
0 0.23122395833333334 0.46606481481481477 0.04130208333333333 0.1100925925925926
0 0.8603645833333334 0.46870370370370373 0.0321875 0.13777777777777778
0 0.32976562500000006 0.6606018518518519 0.032239583333333335 0.13657407407407407
0 0.15283854166666666 0.4156944444444444 0.02984375 0.0975
0 0.036432291666666665 0.4147685185185185 0.02421875 0.10935185185185185
0 0.9824921875 0.9722407407407407 0.035015625 0.05551851851851852
0 0.44846354166666663 0.4946759259259259 0.025156249999999998 0.11712962962962963
0 0.05244791666666667 0.6237962962962962 0.0325 0.14407407407407408
0 0.029479166666666664 0.2540277777777778 0.017395833333333333 0.10324074074074074
0 0.5397395833333333 0.4267037037037037 0.0206875 0.11377777777777777
0 0.5815885416666667 0.4065740740740741 0.024427083333333332 0.09685185185185184
0 0.9233333333333333 0.7550462962962964 0.029375 0.15324074074074073
