0 0.09611979166666668 0.5268518518518519 0.02734375 0.1312962962962963
0 0.10697916666666667 0.5835648148148148 0.022291666666666664 0.14583333333333334
0 0.8900000000000001 0.6952777777777778 0.022291666666666664 0.14166666666666666
0 0.7772916666666667 0.4622222222222222 0.036458333333333336 0.09055555555555556
0 0.49911458333333336 0.5227314814814815 0.043958333333333335 0.12305555555555556
0 0.9199739583333334 0.3582407407407407 0.023072916666666665 0.09259259259259259
0 0.4582552083333333 0.23046296296296295 0.021927083333333333 0.0938888888888889
0 0.16670833333333335 0.4449259259259259 0.041124999999999995 0.12111111111111113
0 0.044083333333333335 0.6810925925925926 0.022000000000000002 0.14944444444444446
0 0.590078125 0.4301388888888889 0.03567708333333333 0.10601851851851851
0 0.8359635416666666 0.5796296296296296 0.028489583333333336 0.12962962962962962
0 0.4474739583333333 0.3923148148148148 0.03473958333333334 0.09425925925925925
0 0.5220572916666667 0.38634259259259257 0.03036458333333333 0.10287037037037036
