0 0.08565104166666668 0.5365277777777778 0.021927083333333333 0.13564814814814816
0 0.8091328124999999 0.3075925925925926 0.026546875 0.09212962962962963
0 0.57484375 0.43828703703703703 0.03145833333333333 0.09157407407407409
0 0.5760208333333333 0.39825925925925926 0.03725 0.10177777777777777
0 0.42916666666666664 0.19143518518518518 0.024166666666666666 0.0875
0 0.47596354166666666 0.35625 0.03203125 0.09268518518518518
0 0.45197916666666665 0.4366203703703704 0.045625 0.11731481481481482
0 0.8706510416666667 0.5073611111111112 0.020572916666666666 0.1252777777777778
0 0.10786458333333333 0.44962962962962966 0.02354166666666667 0.12
0 0.149140625 0.3922685185185185 0.02265625 0.12101851851851851
0 0.39002604166666666 0.34555555555555556 0.021197916666666667 0.10148148148148148
0 0.8190364583333333 0.6066203703703703 0.03338541666666666 0.13064814814814815
0 0.9147656249999999 0.352962962962963 0.021614583333333333 0.10666666666666667
0 0.02856770833333333 0.6352314814814816 0.025677083333333333 0.13212962962962962
