0 0.850703125 0.5963425925925926 0.020572916666666666 0.12546296296296297
0 0.09200520833333334 0.580787037037037 0.032135416666666666 0.14027777777777778
0 0.035703124999999995 0.6930555555555555 0.020052083333333335 0.13962962962962963
0 0.45216666666666666 0.22064814814814812 0.018291666666666664 0.09
0 0.5125520833333334 0.38564814814814813 0.03291666666666667 0.08944444444444444
0 0.08419270833333334 0.711574074074074 0.03536458333333334 0.14314814814814814
0 0.7572656249999999 0.31310185185185185 0.01598958333333333 0.08787037037037038
0 0.19197916666666667 0.40412037037037035 0.027708333333333335 0.10490740740740741
0 0.7166145833333334 0.4292129629629629 0.023958333333333335 0.10490740740740741
0 0.421015625 0.3677314814814815 0.02203125 0.09509259259259259
0 0.9868958333333334 0.551074074074074 0.026208333333333333 0.12590740740740738
0 0.7984635416666668 0.35138888888888886 0.018385416666666664 0.09759259259259259
0 0.42757812500000003 0.41490740740740745 0.029427083333333333 0.08518518518518518
0 0.46218750000000003 0.4191666666666667 0.03822916666666667 0.0788888888888889
