0 0.24666666666666667 0.7242592592592592 0.034687499999999996 0.14148148148148149
0 0.9561197916666667 0.3259722222222222 0.022239583333333333 0.10231481481481482
0 0.6427083333333333 0.3494814814814815 0.03075 0.09533333333333333
0 0.6102473958333333 0.1910185185185185 0.025078125 0.08444444444444445
0 0.2965833333333333 0.6556620370370371 0.033749999999999995 0.11706481481481482
0 0.231875 0.5430555555555555 0.036458333333333336 0.13092592592592592
0 0.9029270833333333 0.27870370370370373 0.025812500000000002 0.084
0 0.5271874999999999 0.42564814814814816 0.027395833333333335 0.08407407407407406
0 0.928828125 0.41967592592592595 0.03078125 0.10675925925925926
0 0.39906250000000004 0.41662037037037036 0.03802083333333333 0.09342592592592593
0 0.38619791666666664 0.35694444444444445 0.030000000000000002 0.1024074074074074
0 0.6168229166666667 0.3278240740740741 0.021979166666666668 0.09805555555555556
0 0.49684895833333337 0.4076851851851852 0.027864583333333335 0.10277777777777777
