0 0.988046875 0.365925925925926 0.02390625 0.09
0 0.96546875 0.4521296296296296 0.0325 0.11185185185185186
0 0.258203125 0.7838888888888889 0.029114583333333333 0.15203703703703703
0 0.23429687500000002 0.5614814814814816 0.04671875 0.12814814814814815
0 0.9466927083333334 0.3086111111111111 0.023385416666666665 0.09166666666666666
0 0.33791666666666664 0.6475000000000001 0.034166666666666665 0.11962962962962961
0 0.4458072916666667 0.4287037037037037 0.01921875 0.09925925925925926
0 0.5080729166666667 0.4165740740740741 0.021875 0.09314814814814815
0 0.49497395833333335 0.4354166666666667 0.02796875 0.11212962962962962
0 0.6651041666666667 0.36712962962962964 0.01864583333333333 0.10092592592592593
0 0.4603645833333333 0.3796759259259259 0.0228125 0.09731481481481481
0 0.6476041666666668 0.21013888888888888 0.01864583333333333 0.08805555555555555
0 0.6807552083333334 0.35004629629629624 0.02453125 0.09657407407407408
