0 0.5299999999999999 0.4113888888888889 0.019583333333333335 0.08703703703703704
0 0.77903125 0.5844675925925926 0.0284375 0.11239814814814815
0 0.22088541666666664 0.5880092592592592 0.025208333333333333 0.11157407407407408
0 0.29973958333333334 0.5601388888888889 0.0240625 0.11138888888888888
0 0.27174479166666665 0.48111111111111116 0.02296875 0.10740740740740741
0 0.21830729166666668 0.5177777777777777 0.02765625 0.07666666666666666
0 0.13560416666666666 0.4693888888888889 0.0169375 0.1121111111111111
0 0.17659375 0.5768333333333333 0.0171875 0.11544444444444445
0 0.722109375 0.5341203703703704 0.023177083333333334 0.10972222222222222
0 0.13018229166666667 0.5225462962962963 0.02703125 0.11750000000000001
0 0.42984374999999997 0.40245370370370376 0.025 0.0849074074074074
0 0.2907291666666667 0.44814814814814813 0.013645833333333333 0.09666666666666668
0 0.7896562500000001 0.4618333333333333 0.017062499999999998 0.09988888888888889
0 0.43411458333333336 0.5023148148148148 0.016145833333333335 0.10074074074074074
0 0.7073177083333334 0.628287037037037 0.03505208333333333 0.12250000000000001
0 0.6582291666666666 0.3264351851851852 0.016458333333333335 0.08398148148148149
0 0.6608333333333333 0.23092592592592592 0.0171875 0.075
0 0.8843776041666666 0.6043379629629629 0.027026041666666667 0.11862037037037039
0 0.41242187499999994 0.4696296296296296 0.020885416666666667 0.09796296296296296
