0 0.752421875 0.5173148148148149 0.031197916666666665 0.11611111111111112
0 0.33182291666666663 0.3762037037037037 0.026354166666666668 0.08944444444444444
0 0.4198177083333334 0.33763888888888893 0.02234375 0.08898148148148148
0 0.3984375 0.19388888888888886 0.022291666666666664 0.08
0 0.20458333333333334 0.34532407407407406 0.021666666666666667 0.1000925925925926
0 0.19291666666666668 0.3950462962962963 0.024791666666666667 0.1012037037037037
0 0.693359375 0.4971296296296296 0.038802083333333334 0.10203703703703704
0 0.04950520833333334 0.6189814814814815 0.020989583333333332 0.12722222222222224
0 0.3123697916666667 0.45805555555555555 0.017552083333333336 0.1151851851851852
0 0.5883333333333333 0.4084259259259259 0.019791666666666666 0.10074074074074074
0 0.707109375 0.29694444444444446 0.01796875 0.08666666666666666
0 0.6545572916666667 0.40314814814814814 0.03901041666666667 0.0887037037037037
0 0.72328125 0.6903703703703704 0.03354166666666667 0.13148148148148148
0 0.4359635416666666 0.3257407407407408 0.020052083333333335 0.09537037037037037
