0 0.5774479166666667 0.18069444444444446 0.024895833333333332 0.08175925925925925
0 0.8661458333333333 0.4015740740740741 0.04604166666666667 0.053703703703703705
0 0.15994791666666666 0.48111111111111116 0.025416666666666664 0.12425925925925925
0 0.9632395833333334 0.3002314814814815 0.022104166666666664 0.0887962962962963
0 0.04236979166666666 0.7125462962962964 0.032552083333333336 0.14324074074074072
0 0.589921875 0.45689814814814816 0.04088541666666667 0.11564814814814815
0 0.37947916666666665 0.3636111111111111 0.018541666666666668 0.10407407407407408
0 0.776484375 0.47194444444444444 0.03369791666666667 0.11333333333333334
0 0.57109375 0.36018518518518516 0.019583333333333335 0.09111111111111111
0 0.8028645833333333 0.6544907407407408 0.02802083333333333 0.13546296296296298
0 0.7577083333333333 0.43374999999999997 0.026041666666666668 0.10953703703703703
0 0.43 0.32949074074074075 0.0171875 0.10564814814814814
0 0.6221614583333335 0.3176851851851852 0.029322916666666664 0.09462962962962963
0 0.5620572916666667 0.3113425925925926 0.02255208333333333 0.09268518518518518
0 0.19625 0.56125 0.026145833333333333 0.11990740740740741
0 0.8243489583333333 0.5022685185185186 0.03921875 0.12064814814814816
