0 0.4291145833333333 0.3783333333333333 0.025625000000000002 0.09203703703703704
0 0.2176822916666667 0.35467592592592595 0.03578125 0.11101851851851853
0 0.197265625 0.3811111111111111 0.028697916666666667 0.1112962962962963
0 0.6114583333333333 0.39981481481481485 0.04008333333333333 0.051944444444444446
0 0.6376302083333333 0.6083796296296297 0.03578125 0.12842592592592592
0 0.58265625 0.454537037037037 0.0278125 0.12037037037037036
0 0.4628125 0.3295370370370371 0.029166666666666667 0.0987037037037037
0 0.3818489583333333 0.176712962962963 0.025156249999999998 0.08990740740740741
0 0.4024479166666666 0.30041666666666667 0.013333333333333334 0.09657407407407408
0 0.5547916666666667 0.45125000000000004 0.033749999999999995 0.11731481481481482
0 0.7267968749999999 0.3485185185185185 0.02328125 0.09851851851851852
0 0.47182291666666665 0.4511574074074074 0.023958333333333335 0.12046296296296295
0 0.5430989583333333 0.48125 0.031927083333333335 0.11435185185185186
