0 0.20841145833333333 0.3645833333333333 0.03348958333333333 0.1212037037037037
0 0.5726822916666666 0.42787037037037035 0.00359375 0.012407407407407407
0 0.40963541666666664 0.30333333333333334 0.034375 0.10203703703703704
0 0.5796328125 0.44648148148148153 0.030109375 0.13074074074074074
0 0.4682552083333334 0.33731481481481485 0.024947916666666667 0.10203703703703704
0 0.47335937499999997 0.39013888888888887 0.02921875 0.10453703703703704
0 0.35846354166666666 0.1689351851851852 0.02140625 0.09935185185185184
0 0.5263281249999999 0.44425925925925924 0.04171875 0.12574074074074076
0 0.5641744791666666 0.40767592592592594 0.022901041666666667 0.04798148148148148
0 0.5557031249999999 0.5102314814814815 0.04255208333333334 0.12287037037037037
0 0.6543749999999999 0.3674074074074074 0.017812500000000002 0.10796296296296296
0 0.4685416666666667 0.4788425925925926 0.029375 0.1297222222222222
0 0.17536458333333332 0.3991203703703704 0.035625000000000004 0.1212037037037037
0 0.5940833333333334 0.42453703703703705 0.007760416666666667 0.008703703703703705
0 0.6654427083333333 0.6318055555555556 0.03598958333333333 0.14027777777777778
