0 0.5302864583333333 0.4380555555555556 0.023177083333333334 0.12481481481481482
0 0.6254947916666667 0.37930555555555556 0.026822916666666665 0.10805555555555556
0 0.6072395833333334 0.4354166666666667 0.027083333333333334 0.1212037037037037
0 0.3696354166666666 0.17587962962962964 0.0159375 0.09935185185185184
0 0.43953125 0.30504629629629626 0.026354166666666668 0.10324074074074074
0 0.5711979166666665 0.41625 0.044895833333333336 0.05361111111111111
0 0.49940104166666666 0.34611111111111115 0.021614583333333333 0.10944444444444444
0 0.47994791666666664 0.49583333333333335 0.027916666666666666 0.135
0 0.20132812499999997 0.40726851851851853 0.037135416666666664 0.12157407407407408
0 0.5900520833333334 0.5201388888888889 0.036145833333333335 0.12935185185185183
0 0.6948958333333334 0.635462962962963 0.026770833333333334 0.1411111111111111
0 0.5271354166666666 0.39245370370370375 0.03739583333333333 0.1112037037037037
0 0.24145833333333336 0.36634259259259255 0.021666666666666667 0.12175925925925926
