0 0.6633854166666667 0.4284722222222222 0.03697916666666667 0.12046296296296295
0 0.021744791666666666 0.6766666666666666 0.04348958333333333 0.1398148148148148
0 0.4838020833333333 0.31263888888888886 0.034895833333333334 0.10268518518518518
0 0.5807291666666666 0.40125 0.031875 0.11138888888888888
0 0.7256510416666667 0.6518518518518519 0.029947916666666668 0.14666666666666667
0 0.39195312499999996 0.18462962962962962 0.027864583333333335 0.09777777777777777
0 0.2880989583333333 0.3752314814814815 0.040468750000000005 0.12157407407407408
0 0.5662760416666667 0.42157407407407405 0.04265625 0.051666666666666666
0 0.5538281250000001 0.4303703703703704 0.02203125 0.12222222222222222
0 0.6082291666666666 0.38837962962962963 0.02822916666666667 0.11046296296296296
0 0.529921875 0.3594907407407407 0.02671875 0.1087962962962963
0 0.4823958333333333 0.5210185185185185 0.03270833333333333 0.13740740740740742
0 0.00334375 0.6090185185185185 0.0066875 0.007962962962962963
0 0.63871875 0.5311666666666667 0.0356875 0.13166666666666665
0 0.24203125 0.4187037037037037 0.019479166666666665 0.12277777777777778
