0 0.5563671875 0.366125 0.031276041666666664 0.10976851851851852
0 0.6637760416666667 0.5381481481481482 0.032864583333333336 0.12814814814814815
0 0.3161979166666667 0.3792592592592593 0.03947916666666666 0.1201851851851852
0 0.40517968750000005 0.1888425925925926 0.021203125 0.09916666666666667
0 0.6040364583333333 0.39166666666666666 0.02921875 0.10944444444444444
0 0.5959375 0.40189814814814817 0.02333333333333333 0.10990740740740741
0 0.73046875 0.6631018518518518 0.024583333333333336 0.1426851851851852
0 0.5082552083333333 0.31574074074074077 0.02921875 0.10111111111111111
0 0.018361979166666667 0.5399583333333333 0.036723958333333334 0.14160185185185187
0 0.0540625 0.6843981481481483 0.0471875 0.14250000000000002
0 0.7145052083333334 0.4277314814814815 0.03661458333333333 0.1162037037037037
0 0.265625 0.4249537037037037 0.018333333333333333 0.12250000000000001
0 0.5696744791666667 0.42703703703703705 0.020390625 0.11944444444444445
0 0.5649531250000001 0.42409259259259263 0.04448958333333333 0.05633333333333334
0 0.47646874999999994 0.5346666666666667 0.0228125 0.14022222222222222
