0 0.7716927083333334 0.4170370370370371 0.038697916666666665 0.11907407407407407
0 0.5890625 0.42180555555555554 0.024895833333333332 0.12212962962962963
0 0.2927864583333334 0.4315740740740741 0.02546875 0.1224074074074074
0 0.609375 0.40166666666666667 0.02020833333333333 0.1087037037037037
0 0.09039062499999999 0.6875925925925926 0.039947916666666666 0.1411111111111111
0 0.5954427083333333 0.3924074074074074 0.025364583333333336 0.10925925925925926
0 0.42103385416666667 0.19041666666666668 0.019182291666666667 0.10064814814814815
0 0.7402942708333333 0.6768611111111111 0.028869791666666665 0.1486851851851852
0 0.3440625 0.3784259259259259 0.036458333333333336 0.1225925925925926
0 0.4709895833333333 0.5499537037037038 0.018541666666666668 0.14527777777777778
0 0.5599999999999999 0.4212962962962963 0.04854166666666667 0.060925925925925925
0 0.6845572916666668 0.5475925925925925 0.029635416666666668 0.13222222222222224
0 0.5401041666666667 0.3135648148148148 0.019583333333333335 0.10398148148148148
0 0.044661458333333334 0.5393518518518519 0.04265625 0.1451851851851852
0 0.5769270833333333 0.3668518518518518 0.0203125 0.10500000000000001
