0 0.4386744791666667 0.19236111111111112 0.016192708333333333 0.10194444444444443
0 0.7538541666666666 0.6932407407407407 0.026354166666666668 0.15074074074074076
0 0.5958333333333333 0.39282407407407405 0.022604166666666665 0.10731481481481482
0 0.07513020833333334 0.5373611111111112 0.039947916666666666 0.14472222222222222
0 0.14166666666666666 0.6948148148148149 0.022395833333333334 0.1448148148148148
0 0.6171875 0.402037037037037 0.0171875 0.10814814814814815
0 0.45200520833333335 0.557962962962963 0.02484375 0.14555555555555555
0 0.5595572916666666 0.4209259259259259 0.046614583333333334 0.06296296296296296
0 0.61515625 0.35717592592592595 0.02354166666666667 0.07657407407407407
0 0.8407552083333333 0.4144907407407407 0.032656250000000005 0.12101851851851851
0 0.6979947916666666 0.5570833333333333 0.032864583333333336 0.13564814814814816
0 0.32632812499999997 0.4366666666666667 0.03671875 0.12277777777777778
0 0.6045312500000001 0.41518518518518516 0.0203125 0.11851851851851852
0 0.3788020833333334 0.3758333333333333 0.0240625 0.1224074074074074
0 0.5764583333333333 0.3164351851851852 0.028645833333333332 0.10250000000000001
