0 0.35054687500000004 0.43893518518518515 0.03510416666666667 0.12203703703703704
0 0.6249114583333334 0.41806944444444444 0.012916666666666667 0.025212962962962965
0 0.5553125 0.419537037037037 0.0478125 0.06240740740740741
0 0.6164791666666667 0.3696759259259259 0.0053750000000000004 0.014537037037037036
0 0.3984375 0.3722870370370371 0.028177083333333335 0.12333333333333332
0 0.6188723958333334 0.4044814814814815 0.0034947916666666664 0.022518518518518518
0 0.627921875 0.36338888888888893 0.019 0.08837037037037036
0 0.17064583333333333 0.6992592592592592 0.025 0.14416666666666667
0 0.6043671875 0.4105648148148148 0.0027239583333333334 0.007962962962962963
0 0.614703125 0.41160185185185183 0.02671875 0.12064814814814816
0 0.08938541666666665 0.5331111111111111 0.02364583333333333 0.14555555555555555
0 0.6194791666666666 0.4423981481481481 0.004270833333333333 0.024462962962962964
0 0.7029166666666667 0.5630185185185186 0.027760416666666666 0.1376851851851852
0 0.8837447916666666 0.41017592592592594 0.040937499999999995 0.11898148148148148
0 0.5915677083333333 0.39646296296296296 0.022083333333333333 0.11083333333333334
0 0.60915625 0.443712962962963 0.006552083333333333 0.037222222222222226
0 0.7611562500000001 0.7004027777777777 0.028010416666666666 0.15356481481481482
0 0.445703125 0.19365740740740742 0.017135416666666667 0.1005
0 0.6012786458333333 0.31257407407407406 0.033171874999999997 0.09966666666666667
0 0.4323984375 0.5662731481481482 0.03813020833333333 0.14758333333333332
