0 0.44620833333333326 0.4983518518518519 0.015677083333333335 0.10546296296296297
0 0.18510416666666665 0.5674074074074075 0.03354166666666667 0.11796296296296296
0 0.399015625 0.5205787037037037 0.016041666666666666 0.1079537037037037
0 0.7384375 0.5345694444444444 0.025479166666666667 0.11032407407407407
0 0.22771354166666666 0.5055925925925926 0.017447916666666667 0.11277777777777777
0 0.14913020833333332 0.4676574074074074 0.014270833333333333 0.11537037037037036
0 0.13777864583333335 0.5208379629629629 0.021390625 0.1173425925925926
0 0.39968229166666663 0.5705694444444445 0.02790625 0.11595370370370371
0 0.7879192708333332 0.5849444444444445 0.028338541666666665 0.11185185185185186
0 0.292703125 0.4769675925925926 0.019270833333333334 0.10732407407407407
0 0.6345833333333334 0.2774259259259259 0.017395833333333333 0.07777777777777778
0 0.3011041666666667 0.4472685185185185 0.017114583333333332 0.1
0 0.4134010416666667 0.39336111111111116 0.017447916666666667 0.08722222222222223
0 0.90065625 0.5915879629629629 0.035625000000000004 0.11804629629629629
0 0.6101197916666666 0.6038564814814815 0.04020833333333333 0.1119537037037037
0 0.47128125 0.3998055555555556 0.015635416666666666 0.08688888888888889
0 0.6707291666666667 0.23425925925925925 0.0165625 0.07907407407407407
0 0.8454635416666666 0.5306574074074074 0.02335416666666667 0.10975925925925926
0 0.31282031250000003 0.5606342592592591 0.02490104166666667 0.11145370370370371
0 0.26478125 0.6319212962962963 0.030125000000000002 0.08199074074074074
0 0.8569427083333334 0.5686574074074073 0.02359375 0.12138888888888888
