0 0.42549999999999993 0.36812037037037043 0.022708333333333334 0.1201851851851852
0 0.6262473958333333 0.3852407407407407 0.014057291666666666 0.0637037037037037
0 0.45934635416666664 0.19410185185185186 0.021255208333333334 0.10046296296296296
0 0.6302500000000001 0.31375925925925924 0.025729166666666668 0.10398148148148148
0 0.41102083333333334 0.5767222222222222 0.02140625 0.14574074074074075
0 0.6263984375 0.411125 0.006338541666666667 0.0359537037037037
0 0.37930729166666666 0.44288888888888894 0.03864583333333334 0.1238888888888889
0 0.21520833333333333 0.710462962962963 0.04822916666666666 0.14537037037037037
0 0.6196979166666667 0.4410462962962963 0.009802083333333333 0.04487037037037037
0 0.5486770833333333 0.42393518518518514 0.051875 0.05361111111111111
0 0.7187083333333334 0.5711481481481482 0.03036458333333333 0.1387962962962963
0 0.9467447916666667 0.4052962962962963 0.03661458333333333 0.12407407407407407
0 0.6099296874999999 0.40855555555555556 0.0033802083333333336 0.013777777777777778
0 0.5908333333333334 0.39844444444444443 0.023697916666666666 0.10935185185185185
0 0.6473333333333334 0.38250925925925927 0.023697916666666666 0.10990740740740741
0 0.11253125 0.5326574074074074 0.02140625 0.1449074074074074
0 0.6177604166666667 0.4125 0.030625 0.11481481481481481
0 0.7711067708333332 0.719300925925926 0.025255208333333334 0.15463888888888888
