0 0.6397135416666667 0.4162037037037037 0.022239583333333333 0.12111111111111113
0 0.12934895833333332 0.5308703703703704 0.03057291666666667 0.14446296296296296
0 0.9863020833333334 0.40355555555555556 0.027395833333333335 0.12351851851851853
0 0.5500833333333333 0.42015740740740737 0.04895833333333333 0.060648148148148145
0 0.7306223958333333 0.5749074074074074 0.031296875 0.13814814814814813
0 0.6463020833333334 0.4050925925925926 0.016666666666666666 0.09240740740740741
0 0.47415104166666666 0.1962037037037037 0.02490625 0.10029629629629629
0 0.2515859375 0.7171203703703704 0.04653645833333333 0.14601851851851852
0 0.7830885416666666 0.7324074074074074 0.03208333333333333 0.15787037037037038
0 0.597875 0.4058981481481482 0.024166666666666666 0.10933333333333334
0 0.40455729166666665 0.5900648148148149 0.0228125 0.14712962962962964
0 0.6649609375 0.3862962962962963 0.026484375 0.11457407407407406
0 0.6576302083333334 0.3136574074074074 0.02255208333333333 0.09953703703703703
0 0.439875 0.3642962962962963 0.020677083333333336 0.12092592592592592
0 0.410421875 0.44393518518518515 0.03958333333333333 0.12212962962962963
0 0.6382552083333334 0.4594583333333333 0.00734375 0.015212962962962963
