0 0.44344791666666666 0.4427870370370371 0.03078125 0.12342592592592594
0 0.1502760416666667 0.531 0.03588541666666667 0.14435185185185187
0 0.6626927083333333 0.42287037037037034 0.033854166666666664 0.1212037037037037
0 0.74859375 0.5805092592592593 0.03291666666666667 0.1386111111111111
0 0.5477526041666666 0.4158287037037037 0.041171875 0.06208333333333333
0 0.6803776041666667 0.39141203703703703 0.022963541666666667 0.11437962962962964
0 0.623125 0.4096018518518519 0.019166666666666665 0.10972222222222222
0 0.7980989583333333 0.7453518518518517 0.030260416666666668 0.1625925925925926
0 0.293359375 0.7297685185185185 0.046302083333333334 0.13527777777777777
0 0.6741328125 0.42128703703703707 0.035453124999999995 0.10011111111111111
0 0.4630885416666667 0.3614907407407408 0.022604166666666665 0.11861111111111111
0 0.69375 0.3153055555555555 0.019791666666666666 0.10616666666666666
0 0.49254166666666666 0.19624074074074074 0.02645833333333333 0.09953703703703703
0 0.41556770833333334 0.5995324074074075 0.025625000000000002 0.14686111111111114
