0 0.4745833333333333 0.34642129629629637 0.018281250000000002 0.1160462962962963
0 0.6867552083333334 0.4186944444444444 0.02333333333333333 0.12398148148148148
0 0.680390625 0.433037037037037 0.005625000000000001 0.015444444444444445
0 0.431328125 0.6039814814814816 0.029010416666666667 0.14851851851851852
0 0.49204166666666665 0.1894722222222222 0.0209375 0.10074074074074074
0 0.7202083333333333 0.3071111111111111 0.03328125 0.10314814814814816
0 0.6886770833333333 0.3541944444444444 0.021041666666666667 0.05694444444444444
0 0.014065104166666667 0.9623333333333333 0.028130208333333333 0.07533333333333334
0 0.6491666666666667 0.4091666666666667 0.03270833333333333 0.10518518518518517
0 0.7163958333333333 0.4143611111111111 0.030625 0.10537037037037036
0 0.47242187500000005 0.4318518518518519 0.018072916666666668 0.1237037037037037
0 0.16724739583333334 0.52175 0.036203125 0.14479629629629628
0 0.8174296875 0.7463194444444444 0.047755208333333334 0.15213888888888888
0 0.7594270833333334 0.5723981481481482 0.03635416666666667 0.13703703703703704
0 0.35811458333333335 0.7247037037037037 0.04604166666666667 0.14694444444444443
0 0.535703125 0.4057222222222222 0.025625000000000002 0.06431481481481481
