0 0.4744661458333333 0.1811851851851852 0.019588541666666667 0.10305555555555555
0 0.7325625 0.29707407407407405 0.02625 0.10351851851851851
0 0.15686197916666667 0.5126435185185185 0.022859375 0.1478611111111111
0 0.8348723958333334 0.7390925925925926 0.04799479166666667 0.15305555555555556
0 0.0060390625 0.9654398148148148 0.012078125 0.06912037037037037
0 0.686953125 0.3721296296296296 0.020260416666666666 0.1087037037037037
0 0.4703385416666667 0.33499999999999996 0.023802083333333335 0.11555555555555555
0 0.6962291666666667 0.4148981481481481 0.021302083333333333 0.12314814814814815
0 0.6715234374999999 0.40668055555555555 0.03174479166666667 0.10141666666666667
0 0.43973437499999996 0.6026018518518519 0.03739583333333333 0.15037037037037038
0 0.47503124999999996 0.42253703703703704 0.027104166666666665 0.12157407407407408
0 0.3978802083333333 0.727361111111111 0.0375 0.14546296296296296
0 0.5222578125 0.39679629629629626 0.027598958333333333 0.06601851851851852
0 0.73890625 0.414462962962963 0.031822916666666666 0.10768518518518519
0 0.7639322916666667 0.5673703703703704 0.030052083333333333 0.1363888888888889
