0 0.46671874999999996 0.7303240740740741 0.030000000000000002 0.15009259259259258
0 0.12958333333333333 0.5119444444444444 0.020833333333333332 0.14833333333333332
0 0.7093619791666668 0.4233518518518518 0.035432291666666664 0.1212037037037037
0 0.7552447916666666 0.29430555555555554 0.03442708333333333 0.1025925925925926
0 0.8736666666666666 0.7353240740740741 0.0396875 0.15527777777777776
0 0.786890625 0.4242314814814815 0.024010416666666666 0.10592592592592594
0 0.4739166666666667 0.3283055555555556 0.030677083333333334 0.11657407407407408
0 0.0139375 0.9767731481481481 0.027875 0.046453703703703705
0 0.5027864583333334 0.3781203703703704 0.027083333333333334 0.09768518518518518
0 0.6952916666666666 0.370212962962963 0.019947916666666666 0.11222222222222222
0 0.45295312499999996 0.1800462962962963 0.0159375 0.09916666666666667
0 0.7739583333333333 0.568662037037037 0.02790625 0.13675
0 0.48705729166666667 0.41764814814814816 0.02421875 0.1219814814814815
0 0.45270052083333334 0.6044814814814815 0.025119791666666665 0.14675925925925926
0 0.7212083333333333 0.4097314814814815 0.0304375 0.10862962962962962
