0 0.8696979166666666 0.44605555555555554 0.022447916666666668 0.11101851851851853
0 0.05584375 0.9906111111111112 0.014166666666666666 0.01877777777777778
0 0.7107812499999999 0.37333333333333335 0.024583333333333336 0.10731481481481482
0 0.8515052083333333 0.43196296296296294 0.02713541666666667 0.1087037037037037
0 0.9332656250000001 0.7266944444444444 0.0384375 0.15081481481481482
0 0.4548489583333334 0.33362962962962966 0.023385416666666665 0.11685185185185186
0 0.48969270833333334 0.4116203703703703 0.025520833333333333 0.11925925925925927
0 0.4145520833333333 0.1859814814814815 0.014479166666666666 0.09759259259259259
0 0.5487968750000001 0.7278333333333334 0.03984375 0.14555555555555555
0 0.7889375 0.5745925925925925 0.042291666666666665 0.135
0 0.09347916666666665 0.5120092592592593 0.0278125 0.1423888888888889
0 0.7452187499999999 0.43800925925925926 0.0244375 0.12242592592592592
0 0.7930729166666667 0.2937962962962963 0.013541666666666667 0.1025925925925926
0 0.527578125 0.3915277777777778 0.04015625 0.1000925925925926
0 0.38494791666666667 0.6033611111111111 0.029531250000000002 0.1497222222222222
