0 0.8098489583333334 0.5794444444444444 0.028593749999999998 0.1303703703703704
0 0.4042395833333333 0.19364814814814812 0.02140625 0.09416666666666666
0 0.7730130208333335 0.4514722222222222 0.030223958333333335 0.11898148148148148
0 0.3349010416666667 0.6047037037037037 0.03578125 0.14027777777777778
0 0.091015625 0.9912453703703702 0.012239583333333333 0.01750925925925926
0 0.7266302083333332 0.38112037037037033 0.023802083333333335 0.10814814814814815
0 0.5079947916666666 0.42087962962962966 0.02140625 0.11546296296296296
0 0.08427083333333334 0.5157777777777778 0.035520833333333335 0.1366851851851852
0 0.9610677083333333 0.7236203703703704 0.04078125 0.14814814814814814
0 0.9309114583333334 0.44319444444444445 0.031927083333333335 0.10490740740740741
0 0.5811145833333333 0.7292777777777778 0.029479166666666667 0.14425925925925928
0 0.5578541666666667 0.40797222222222224 0.03135416666666667 0.09666666666666668
0 0.9130833333333334 0.45870370370370367 0.0259375 0.11324074074074074
0 0.45823958333333337 0.3438611111111111 0.01921875 0.1105
0 0.81834375 0.3022314814814815 0.032239583333333335 0.09722222222222222
