0 0.6194661458333334 0.4129583333333333 0.018723958333333336 0.10208333333333333
0 0.8298880208333334 0.30319444444444443 0.022317708333333335 0.09472222222222222
0 0.9610677083333333 0.7231759259259259 0.02390625 0.14212962962962963
0 0.9333802083333335 0.4577685185185185 0.02678125 0.10346296296296296
0 0.5170494791666667 0.4214259259259259 0.024265625000000002 0.10859259259259259
0 0.10534114583333334 0.9901851851851851 0.011869791666666666 0.01962962962962963
0 0.056609374999999997 0.5067453703703704 0.019781249999999997 0.1296388888888889
0 0.7947916666666667 0.4527268518518519 0.022541666666666668 0.11382407407407408
0 0.5569973958333334 0.7113101851851852 0.034932291666666664 0.13380555555555554
0 0.4764869791666666 0.3738472222222222 0.053171875 0.09526851851851852
0 0.29028906250000003 0.6093518518518519 0.03905729166666667 0.13120370370370368
0 0.800421875 0.5710324074074073 0.037697916666666664 0.12556481481481482
0 0.72896875 0.3811527777777778 0.025916666666666664 0.10212037037037038
0 0.3762916666666667 0.19647685185185185 0.01775 0.09062037037037038
