0 0.23171354166666666 0.5066944444444444 0.014416666666666666 0.11320370370370371
0 0.715765625 0.529449074074074 0.01728125 0.09630555555555556
0 0.26218749999999996 0.6274953703703703 0.030208333333333334 0.09128703703703704
0 0.6695234375 0.23385648148148147 0.018213541666666666 0.07826851851851852
0 0.5490807291666666 0.37230555555555556 0.014182291666666668 0.08464814814814815
0 0.3976015625 0.5389398148148148 0.030442708333333336 0.06897222222222221
0 0.5194244791666667 0.37317129629629625 0.018484375 0.08356481481481481
0 0.7175234375 0.5915092592592593 0.040578125 0.12037037037037036
0 0.16600260416666668 0.5510277777777778 0.032734375 0.11662962962962962
0 0.5841328125 0.26208333333333333 0.021109375 0.07842592592592593
0 0.29123177083333335 0.44075462962962964 0.018848958333333332 0.09773148148148147
0 0.7297473958333334 0.5194907407407408 0.015223958333333334 0.08083333333333333
0 0.43028645833333334 0.5962453703703704 0.04088541666666667 0.11339814814814815
0 0.14434895833333333 0.470375 0.01328125 0.1171574074074074
0 0.7546692708333332 0.5958981481481482 0.026942708333333332 0.09372222222222222
0 0.12995572916666667 0.5208518518518518 0.022317708333333335 0.11783333333333333
0 0.3199166666666667 0.5453888888888889 0.01625 0.11437037037037037
0 0.7389661458333332 0.5344212962962963 0.020015625 0.1103611111111111
0 0.29140625 0.4844074074074074 0.015364583333333333 0.1098888888888889
0 0.3115104166666667 0.5595694444444445 0.023958333333333335 0.11080555555555556
0 0.7444687499999999 0.5707407407407408 0.013875 0.03648148148148148
0 0.47034114583333336 0.4950648148148148 0.014526041666666666 0.10340740740740742
