0 0.2941015625 0.37245370370370373 0.030432291666666667 0.1022037037037037
0 0.6459166666666667 0.9213148148148148 0.04554166666666667 0.15737037037037038
0 0.9287213541666667 0.3904537037037037 0.040578125 0.11257407407407408
0 0.9835052083333333 0.3442962962962963 0.022239583333333333 0.10562962962962963
0 0.6003359375 0.31882870370370375 0.025567708333333335 0.10363888888888889
0 0.49429166666666663 0.3706481481481481 0.038552083333333334 0.10003703703703705
0 0.4390677083333333 0.018712962962962962 0.018958333333333334 0.03657407407407407
0 0.8176119791666667 0.042138888888888885 0.017296875 0.07064814814814814
0 0.446171875 0.21211574074074074 0.017239583333333332 0.08591666666666667
0 0.7139765625 0.18804166666666666 0.017859375 0.0845462962962963
0 0.9780078124999999 0.6748657407407408 0.043984375 0.11345370370370371
