0 0.48194791666666664 0.10977314814814816 0.0255625 0.06291666666666666
0 0.6457421875 0.4383148148148148 0.034942708333333336 0.10781481481481481
0 0.5141484375 0.4592407407407408 0.026380208333333332 0.11374074074074074
0 0.883109375 0.7117592592592593 0.039281250000000004 0.12033333333333333
0 0.265546875 0.503462962962963 0.03638541666666666 0.11012962962962963
0 0.46588541666666666 0.43743055555555554 0.03476041666666666 0.09523148148148147
0 0.844421875 0.1362824074074074 0.01375 0.06993518518518518
0 0.4183828125 0.342912037037037 0.02186979166666667 0.07213888888888889
0 0.5690338541666666 0.3219675925925926 0.025734374999999997 0.08099074074074074
0 0.25525520833333337 0.4804398148148148 0.0030416666666666665 0.006009259259259259
