0 0.04718489583333333 0.4490092592592592 0.03715104166666667 0.11059259259259259
0 0.6066328124999999 0.567925925925926 0.03008854166666667 0.12159259259259259
0 0.39232812499999997 0.5185694444444445 0.022510416666666665 0.11378703703703703
0 0.7924296875000001 0.6906944444444445 0.010244791666666668 0.03398148148148149
0 0.3354453125 0.18758796296296296 0.025057291666666665 0.07797222222222222
0 0.61140625 0.9233703703703704 0.06195833333333333 0.15325925925925926
0 0.47824739583333337 0.29648148148148146 0.026911458333333336 0.0824074074074074
0 0.47546875 0.40671296296296294 0.026354166666666668 0.09157407407407409
0 0.057703124999999994 0.42662962962962964 0.024614583333333332 0.1142962962962963
0 0.9936302083333334 0.3874814814814815 0.012739583333333334 0.08675925925925926
0 0.5985208333333333 0.5549212962962963 0.0050625 0.015527777777777777
0 0.042390625 0.6131342592592592 0.033468750000000005 0.1253425925925926
0 0.25315364583333333 0.48712962962962963 0.026640624999999998 0.11520370370370371
0 0.7984140624999999 0.6470787037037036 0.033046875 0.12971296296296297
0 0.6436718750000001 0.33693055555555557 0.021822916666666668 0.08589814814814814
0 0.64765625 0.3978009259259259 0.02022916666666667 0.10241666666666667
0 0.5947526041666668 0.49865277777777783 0.017994791666666666 0.0929537037037037
0 0.5677812499999999 0.2815509259259259 0.028166666666666666 0.08943518518518519
