0 0.395390625 0.4756574074074074 0.01942708333333333 0.11127777777777778
0 0.6095703125 0.5744074074074074 0.027682291666666668 0.12146296296296297
0 0.9976119791666667 0.37802777777777774 0.004776041666666666 0.09624074074074074
0 0.5199088541666667 0.2988472222222222 0.034453125 0.07737962962962962
0 0.7701848958333333 0.6515462962962962 0.030609375 0.13012962962962962
0 0.023815104166666667 0.4297870370370371 0.023765625000000002 0.11968518518518517
0 0.41901822916666664 0.9236342592592592 0.03918229166666667 0.15273148148148147
0 0.3235390625 0.20282870370370368 0.026869791666666667 0.07802777777777778
0 0.01699739583333333 0.4596944444444444 0.007036458333333333 0.046648148148148154
0 0.6752786458333333 0.3160972222222222 0.017171875 0.08439814814814815
0 0.6581744791666667 0.3909814814814815 0.019828125 0.09862962962962962
0 0.5578177083333333 0.2888981481481481 0.02203125 0.08575925925925926
0 0.5281510416666666 0.5077268518518518 0.025677083333333333 0.12043518518518517
0 0.5310442708333333 0.384175925925926 0.029484375 0.09814814814814815
0 0.014348958333333333 0.4576388888888889 0.028697916666666667 0.11472222222222223
0 0.21296354166666667 0.4731944444444445 0.022406250000000003 0.11898148148148148
