0 0.14886979166666667 0.5557268518518518 0.023510416666666666 0.11539814814814814
0 0.6658151041666667 0.23596296296296296 0.017109375 0.08048148148148149
0 0.586171875 0.36338425925925927 0.021062499999999998 0.08754629629629629
0 0.1302578125 0.5223425925925926 0.020734375000000003 0.11672222222222223
0 0.3029010416666667 0.5839907407407408 0.00296875 0.008333333333333333
0 0.7487968749999999 0.6055324074074073 0.03315625 0.07373148148148148
0 0.6306562499999999 0.5388101851851853 0.022677083333333334 0.1103611111111111
0 0.48438020833333334 0.4818101851851852 0.017729166666666667 0.1030462962962963
0 0.3377395833333333 0.5519490740740741 0.021510416666666664 0.11091666666666668
0 0.3916119791666667 0.5203888888888889 0.03958854166666667 0.10781481481481481
0 0.3100833333333333 0.5888333333333334 0.03359375 0.11446296296296296
0 0.28024218749999996 0.4392037037037037 0.014338541666666668 0.10033333333333333
0 0.22684895833333335 0.5070185185185185 0.01853125 0.11494444444444445
0 0.5922526041666667 0.5897731481481481 0.038359375 0.12206481481481482
0 0.5958802083333334 0.5404212962962963 0.03269791666666667 0.10837962962962963
0 0.28954166666666664 0.48400000000000004 0.012166666666666666 0.11174074074074075
0 0.14046875 0.464 0.013333333333333334 0.1075
0 0.295328125 0.5472407407407408 0.015729166666666666 0.11124074074074074
0 0.5828645833333332 0.5949027777777778 0.008458333333333333 0.011416666666666667
0 0.7363072916666665 0.5346296296296297 0.02509375 0.11055555555555556
0 0.6262682291666667 0.24969907407407407 0.02569270833333333 0.07069444444444443
0 0.2613697916666667 0.628287037037037 0.02678125 0.08935185185185185
0 0.6229791666666668 0.3594351851851852 0.023583333333333335 0.08368518518518518
