0 0.7061119791666667 0.3125787037037037 0.020119791666666668 0.08906481481481482
0 0.5346927083333333 0.5100925925925925 0.02365625 0.11388888888888889
0 0.017127604166666664 0.4667453703703704 0.03425520833333333 0.11336111111111112
0 0.04344270833333333 0.43718981481481484 0.028239583333333332 0.11423148148148149
0 0.0016901041666666668 0.6515370370370371 0.0033802083333333336 0.10318518518518519
0 0.5543880208333333 0.38773148148148145 0.023807291666666668 0.09342592592592593
0 0.79190625 0.6638796296296297 0.0306875 0.13201851851851854
0 0.33974218749999996 0.2148287037037037 0.018026041666666666 0.07873148148148149
0 0.22542708333333333 0.46915740740740747 0.025249999999999998 0.11522222222222223
0 0.37863802083333337 0.9318703703703705 0.034151041666666666 0.13625925925925925
0 0.5243749999999999 0.29450925925925925 0.03045833333333333 0.07833333333333332
0 0.42125 0.4646666666666666 0.022604166666666665 0.10420370370370372
0 0.6346848958333333 0.584949074074074 0.024796875 0.12175000000000001
0 0.6829557291666667 0.3983379629629629 0.019921875 0.09699074074074074
0 0.5528229166666666 0.28584722222222225 0.025593750000000002 0.07221296296296296
