0 0.37767968749999997 0.2265601851851852 0.026921874999999998 0.07575
0 0.3756901041666667 0.935375 0.03731770833333334 0.12925
0 0.7287057291666666 0.4064305555555556 0.017901041666666666 0.09730555555555556
0 0.0079453125 0.5186296296296297 0.015786458333333333 0.11114814814814815
0 0.02139322916666667 0.6504675925925926 0.042609375 0.1181574074074074
0 0.08478906250000001 0.437412037037037 0.03155729166666667 0.11019444444444446
0 0.5432057291666668 0.2917083333333333 0.032953125 0.07271296296296297
0 0.5723593749999999 0.5565416666666667 0.007104166666666667 0.024009259259259258
0 0.5650885416666667 0.2822268518518518 0.035166666666666666 0.07262037037037038
0 0.0480546875 0.47715740740740736 0.028890625 0.11629629629629629
0 0.6743932291666667 0.5960231481481482 0.027161458333333333 0.12223148148148147
0 0.7509609374999999 0.3140648148148148 0.021609375 0.08001851851851852
0 0.45860416666666665 0.46125 0.021604166666666664 0.09953703703703703
0 0.8345338541666667 0.6741944444444444 0.021640625 0.1288888888888889
0 0.2591015625 0.46955092592592595 0.028515625 0.11095370370370371
0 0.5725286458333333 0.5100370370370371 0.023901041666666668 0.10781481481481481
0 0.5870703125000001 0.3922453703703704 0.03205729166666667 0.09162037037037038
