0 0.8780130208333333 0.3247685185185185 0.029546874999999997 0.08183333333333333
0 0.8707473958333333 0.4368796296296296 0.028630208333333334 0.09907407407407408
0 0.6737135416666666 0.41243981481481484 0.029604166666666668 0.09619444444444444
0 0.565234375 0.4644120370370371 0.02265625 0.10399074074074074
0 0.6073229166666666 0.29133796296296294 0.0305625 0.08343518518518518
0 0.35213541666666665 0.4784861111111111 0.035729166666666666 0.1113611111111111
0 0.15569791666666666 0.498537037037037 0.03747916666666666 0.11474074074074074
0 0.10794010416666668 0.6628611111111111 0.036932291666666665 0.11925925925925927
0 0.5847473958333335 0.2962777777777778 0.028463541666666665 0.07811111111111112
0 0.10958333333333334 0.5280787037037038 0.03947916666666666 0.12639814814814815
0 0.4374401041666667 0.9524398148148148 0.030046874999999997 0.09512037037037037
0 0.9721484375 0.721125 0.032942708333333334 0.13997222222222222
0 0.4751953125 0.2436712962962963 0.031453125 0.0796388888888889
0 0.8064895833333333 0.6326435185185185 0.0388125 0.12323148148148148
0 0.18016145833333336 0.45206944444444447 0.03852083333333333 0.11147222222222222
0 0.6881901041666667 0.5209490740740741 0.029338541666666666 0.11067592592592593
