0 0.39575 0.4806574074074074 0.03254166666666666 0.11520370370370371
0 0.6206119791666667 0.4601018518518518 0.02609895833333333 0.11046296296296296
0 0.4808802083333334 0.9513564814814814 0.030052083333333333 0.09728703703703703
0 0.9450000000000001 0.4473611111111111 0.03434375 0.09975925925925926
0 0.23529427083333335 0.4960138888888889 0.014755208333333332 0.02960185185185185
0 0.525140625 0.2513240740740741 0.024260416666666666 0.07957407407407407
0 0.6034375 0.3041388888888889 0.040937499999999995 0.07264814814814814
0 0.21765104166666666 0.5067083333333333 0.035958333333333335 0.11489814814814815
0 0.176609375 0.533861111111111 0.03175 0.12777777777777777
0 0.7445755208333333 0.5244398148148148 0.031057291666666667 0.11347222222222222
0 0.8743072916666667 0.6500370370370371 0.03773958333333333 0.1298148148148148
0 0.22274739583333333 0.44027314814814816 0.022734374999999998 0.0770462962962963
0 0.6358125 0.3026342592592593 0.025833333333333333 0.07982407407407408
0 0.14870052083333332 0.6589953703703704 0.033963541666666666 0.12143518518518519
0 0.9335026041666666 0.3301805555555556 0.021015625 0.08352777777777777
0 0.02059114583333333 0.6403333333333333 0.026421874999999997 0.12996296296296297
0 0.7197421875 0.4164537037037037 0.030317708333333335 0.10587037037037038
0 0.21005729166666667 0.5075324074074073 0.004510416666666667 0.007009259259259259
