0 0.6013802083333333 0.30498148148148146 0.039427083333333335 0.07440740740740741
0 0.025450520833333334 0.6389861111111111 0.030796875 0.13243518518518518
0 0.228875 0.4907685185185185 0.0063124999999999995 0.012907407407407407
0 0.15120052083333332 0.6579259259259259 0.026880208333333332 0.12551851851851853
0 0.7440651041666667 0.5253564814814815 0.026973958333333332 0.11252777777777778
0 0.1812838541666667 0.5350324074074074 0.034213541666666666 0.12800925925925927
0 0.9326510416666667 0.3306203703703704 0.021645833333333333 0.08801851851851852
0 0.4800625 0.9501064814814815 0.026177083333333333 0.09978703703703704
0 0.39387239583333333 0.481337962962963 0.027432291666666667 0.11426851851851852
0 0.5270390625 0.2520324074074074 0.022786458333333332 0.0814351851851852
0 0.6353619791666667 0.304287037037037 0.026255208333333332 0.08409259259259258
0 0.8807265624999999 0.6510370370370371 0.036661458333333334 0.12925925925925924
0 0.2369453125 0.4990416666666667 0.008640625 0.020972222222222222
0 0.7184947916666666 0.41495370370370366 0.038875 0.10351851851851851
0 0.22265885416666667 0.5067962962962963 0.033296875 0.11440740740740742
0 0.9527395833333333 0.44995833333333335 0.032625 0.10158333333333333
0 0.22485677083333336 0.4363101851851852 0.021734374999999997 0.06606481481481481
0 0.6243593750000002 0.4573425925925925 0.024885416666666667 0.10201851851851852
