0 0.7489817708333333 0.5175925925925926 0.027838541666666668 0.11388888888888889
0 0.18910677083333335 0.5314675925925926 0.030838541666666667 0.1256574074074074
0 0.47381249999999997 0.9515555555555556 0.03116666666666667 0.09666666666666668
0 0.8908697916666667 0.6493425925925925 0.023177083333333334 0.1302037037037037
0 0.23682812500000003 0.49793055555555554 0.0069479166666666665 0.02487962962962963
0 0.21831250000000002 0.4550925925925926 0.027322916666666665 0.11375925925925925
0 0.39133333333333337 0.47387037037037033 0.02575 0.113
0 0.6263072916666667 0.45017129629629626 0.021270833333333336 0.10676851851851853
0 0.6404791666666667 0.29032407407407407 0.024479166666666666 0.09185185185185185
0 0.15023958333333332 0.6544768518518519 0.030041666666666668 0.12062037037037038
0 0.22484635416666665 0.5055694444444444 0.02908854166666667 0.11636111111111111
0 0.5279479166666666 0.24802314814814816 0.017697916666666664 0.08436111111111111
0 0.5943593749999999 0.30363425925925924 0.01991666666666667 0.07647222222222222
0 0.9661484374999999 0.4496759259259259 0.025161458333333334 0.10324074074074074
0 0.01794010416666667 0.6359722222222222 0.03588020833333334 0.12881481481481483
0 0.7108932291666666 0.41405092592592596 0.023109374999999998 0.10900925925925926
0 0.9291302083333334 0.32649074074074075 0.0234375 0.08872222222222222
