0 0.5109765625 0.24592592592592594 0.024973958333333334 0.08259259259259259
0 0.6122135416666666 0.4409722222222222 0.023697916666666666 0.10101851851851851
0 0.4670911458333333 0.9545879629629629 0.04909895833333333 0.09041666666666667
0 0.5896875 0.2860648148148148 0.025416666666666664 0.08731481481481482
0 0.6425260416666667 0.2750462962962963 0.02359375 0.09064814814814816
0 0.13247395833333334 0.6539351851851852 0.038489583333333334 0.12416666666666666
0 0.9748958333333334 0.44708333333333333 0.02020833333333333 0.10416666666666667
0 0.7472473958333334 0.5095046296296296 0.024526041666666668 0.11239814814814815
0 0.3662083333333333 0.4675694444444445 0.02714583333333333 0.11493518518518518
0 0.17565104166666667 0.5349074074074075 0.03640625 0.1262962962962963
0 0.6904947916666667 0.4077777777777778 0.02984375 0.10425925925925926
0 0.19460937500000003 0.45716666666666667 0.0240625 0.11435185185185186
0 0.2048046875 0.5106481481481482 0.028307291666666668 0.12185185185185185
0 0.006322916666666667 0.623537037037037 0.012645833333333334 0.06833333333333333
0 0.8931510416666666 0.6539814814814814 0.020677083333333336 0.13314814814814815
0 0.9092187500000001 0.3177314814814815 0.02 0.0913888888888889
