0 0.89796875 0.3142592592592593 0.031875 0.08944444444444444
0 0.6401302083333333 0.27425925925925926 0.02921875 0.08222222222222222
0 0.11976562500000001 0.6544444444444444 0.03140625 0.13018518518518518
0 0.8866406250000001 0.6566666666666666 0.028072916666666666 0.13574074074074075
0 0.19708333333333336 0.5137962962962963 0.027395833333333335 0.12074074074074075
0 0.968359375 0.4488888888888889 0.03015625 0.10462962962962963
0 0.4490234375 0.9538935185185184 0.030369791666666666 0.09221296296296297
0 0.5879687499999999 0.28171296296296294 0.026145833333333333 0.08935185185185185
0 0.7436979166666667 0.511388888888889 0.024374999999999997 0.11333333333333334
0 0.6013020833333333 0.4401851851851852 0.0209375 0.10629629629629629
0 0.5029661458333333 0.24497685185185183 0.023640625000000002 0.08680555555555555
0 0.3514583333333333 0.46587962962962964 0.025520833333333333 0.12324074074074073
0 0.16083333333333333 0.5364814814814814 0.03260416666666667 0.12851851851851853
0 0.18028645833333334 0.4584259259259259 0.02276041666666667 0.1151851851851852
0 0.6811718750000001 0.4096759259259259 0.028593749999999998 0.1012037037037037
