0 0.6732291666666667 0.40981481481481485 0.021458333333333336 0.1
0 0.186484375 0.523287037037037 0.025364583333333336 0.11898148148148148
0 0.964609375 0.4550925925925926 0.022135416666666668 0.10666666666666667
0 0.43002604166666664 0.959675925925926 0.03244791666666667 0.08064814814814815
0 0.7453385416666667 0.5120370370370371 0.023177083333333334 0.11277777777777777
0 0.626328125 0.27666666666666667 0.018281250000000002 0.08944444444444444
0 0.11141927083333333 0.6649907407407407 0.030984375 0.1303703703703704
0 0.15481770833333333 0.5225925925925926 0.00234375 0.006666666666666667
0 0.1478125 0.5472685185185184 0.03885416666666666 0.1289814814814815
0 0.3327083333333334 0.46861111111111114 0.02041666666666667 0.11629629629629629
0 0.8792187499999999 0.6625462962962962 0.02822916666666667 0.13287037037037036
0 0.580546875 0.28898148148148145 0.03328125 0.07666666666666666
0 0.5842968749999999 0.44199074074074074 0.018281250000000002 0.10194444444444443
0 0.8738802083333332 0.3219444444444444 0.02744791666666667 0.09351851851851851
0 0.15856770833333336 0.4653240740740741 0.03630208333333333 0.11175925925925927
0 0.49114583333333334 0.25375000000000003 0.01885416666666667 0.0887962962962963
