0 0.5756510416666667 0.28481481481481485 0.022239583333333333 0.08444444444444445
0 0.8558854166666666 0.3210185185185185 0.02041666666666667 0.09129629629629629
0 0.17458333333333334 0.5272685185185184 0.03677083333333333 0.1223148148148148
0 0.5739062500000001 0.43680555555555556 0.021875 0.10064814814814815
0 0.10565885416666666 0.665787037037037 0.030609375 0.13275925925925924
0 0.6725781249999999 0.4059722222222223 0.021718750000000002 0.10805555555555556
0 0.9671875 0.45791666666666664 0.02645833333333333 0.10675925925925926
0 0.15127604166666667 0.4689351851851852 0.03505208333333333 0.11935185185185186
0 0.8731249999999999 0.6662037037037037 0.038125 0.1325925925925926
0 0.4871875 0.2571759259259259 0.0203125 0.0862037037037037
0 0.324296875 0.4650462962962963 0.029427083333333333 0.11361111111111111
0 0.9971614583333334 0.7997222222222222 0.0056770833333333335 0.007407407407407408
0 0.13861458333333332 0.5459259259259259 0.0253125 0.12844444444444444
0 0.6244531249999999 0.2791666666666667 0.019114583333333334 0.07777777777777778
0 0.43106510416666666 0.956912037037037 0.042984375 0.08617592592592592
0 0.7527604166666666 0.5046296296296297 0.021875 0.11574074074074074
