0 0.667578125 0.43703703703703706 0.02265625 0.06796296296296298
0 0.6257291666666667 0.6291203703703703 0.022083333333333333 0.1262037037037037
0 0.2121614583333333 0.5161111111111111 0.021822916666666668 0.10740740740740741
0 0.457109375 0.345787037037037 0.016927083333333332 0.08268518518518518
0 0.6358333333333334 0.5023148148148148 0.020104166666666666 0.10148148148148148
0 0.815 0.49148148148148146 0.020833333333333332 0.10666666666666667
0 0.08088541666666667 0.7056481481481481 0.026979166666666665 0.14074074074074075
0 0.5347916666666667 0.5668518518518519 0.0209375 0.11296296296296296
0 0.9780208333333333 0.9684259259259258 0.03145833333333333 0.06314814814814815
0 0.10223958333333334 0.46620370370370373 0.023854166666666666 0.1025925925925926
0 0.4844791666666667 0.7445833333333333 0.028125 0.13268518518518518
0 0.57875 0.7108796296296296 0.027083333333333334 0.13064814814814815
0 0.5133854166666667 0.3579166666666666 0.022916666666666665 0.08916666666666666
0 0.24906250000000002 0.7388888888888889 0.034479166666666665 0.12703703703703703
0 0.9449739583333333 0.45101851851851854 0.030052083333333333 0.1111111111111111
0 0.2870052083333334 0.24782407407407406 0.02328125 0.07175925925925926
