0 0.7127083333333333 0.5404629629629629 0.014895833333333334 0.10888888888888888
0 0.2422057291666667 0.6137916666666666 0.02609895833333333 0.11391666666666667
0 0.4822916666666667 0.5927777777777778 0.024687499999999998 0.12037037037037036
0 0.46341145833333336 0.48143518518518524 0.014322916666666666 0.09805555555555556
0 0.275 0.4801851851851852 0.015729166666666666 0.0987037037037037
0 0.73328125 0.6037037037037037 0.03125 0.07388888888888889
0 0.26125000000000004 0.43828703703703703 0.027708333333333335 0.09342592592592593
0 0.49145833333333333 0.5574537037037037 0.018333333333333333 0.11175925925925927
0 0.20203125000000002 0.5730555555555555 0.026145833333333333 0.11388888888888889
0 0.6487317708333333 0.23679166666666668 0.01777604166666667 0.07728703703703703
0 0.2763802083333333 0.5566666666666668 0.015260416666666667 0.11296296296296296
0 0.535 0.5541203703703704 0.027083333333333334 0.10805555555555556
0 0.7164322916666667 0.24356481481481482 0.01640625 0.07101851851851852
0 0.6670572916666667 0.34837962962962965 0.015260416666666667 0.07953703703703704
0 0.14054687500000002 0.5575925925925926 0.02432291666666667 0.11055555555555556
0 0.128359375 0.46989351851851846 0.01390625 0.11497222222222223
0 0.4741666666666667 0.6125925925925926 0.0016666666666666668 0.0044444444444444444
0 0.3724244791666667 0.5205185185185185 0.020911458333333334 0.10403703703703704
0 0.21544270833333332 0.5064351851851852 0.015572916666666665 0.11305555555555555
0 0.47544270833333335 0.5531481481481482 0.005364583333333334 0.012222222222222221
0 0.6272916666666666 0.3499629629629629 0.017249999999999998 0.08222222222222222
0 0.34558593750000005 0.5489305555555556 0.023380208333333333 0.10856481481481481
0 0.11768229166666666 0.5227777777777778 0.018072916666666668 0.11444444444444445
