0 0.16471354166666666 0.53125 0.028697916666666667 0.12027777777777779
0 0.13375 0.4703703703703704 0.02666666666666667 0.11666666666666667
0 0.8708854166666667 0.6666666666666666 0.024374999999999997 0.1337037037037037
0 0.30393229166666663 0.46407407407407414 0.024635416666666667 0.1224074074074074
0 0.5645052083333334 0.4288888888888889 0.020260416666666666 0.10703703703703703
0 0.09403645833333334 0.6696296296296296 0.03921875 0.1311111111111111
0 0.6251041666666666 0.2855555555555555 0.023020833333333334 0.06925925925925926
0 0.11966145833333333 0.5489814814814815 0.04015625 0.12703703703703703
0 0.41703385416666666 0.9580138888888888 0.032796874999999996 0.08397222222222223
0 0.755078125 0.5062037037037037 0.023385416666666665 0.11925925925925927
0 0.9840364583333334 0.7385648148148148 0.031927083333333335 0.14675925925925926
0 0.47836458333333337 0.25662037037037033 0.025249999999999998 0.09083333333333332
0 0.9654166666666666 0.45620370370370367 0.019270833333333334 0.10648148148148148
0 0.5619010416666667 0.28574074074074074 0.024739583333333332 0.08259259259259259
0 0.8406770833333332 0.32120370370370366 0.020833333333333332 0.08925925925925926
0 0.6647135416666666 0.4025462962962963 0.02713541666666667 0.10694444444444444
