0 0.9613802083333333 0.4579629629629629 0.029531250000000002 0.10722222222222222
0 0.8580208333333333 0.6721296296296296 0.03197916666666666 0.13703703703703704
0 0.7553645833333335 0.5044444444444445 0.021770833333333333 0.11703703703703704
0 0.81578125 0.31805555555555554 0.03979166666666667 0.08981481481481482
0 0.6591927083333334 0.40499999999999997 0.03505208333333333 0.09851851851851852
0 0.06586458333333332 0.6736481481481482 0.029187499999999998 0.13744444444444445
0 0.5474479166666667 0.4264814814814815 0.019479166666666665 0.10648148148148148
0 0.13510416666666666 0.5365740740740741 0.027916666666666666 0.12444444444444445
0 0.10848958333333333 0.4738425925925926 0.023958333333333335 0.12175925925925926
0 0.457765625 0.2531481481481482 0.04894791666666667 0.0937037037037037
0 0.3973932291666667 0.9619537037037038 0.032588541666666665 0.0760925925925926
0 0.6217708333333334 0.2913425925925926 0.0259375 0.05564814814814815
0 0.0890625 0.5518518518518518 0.029375 0.13592592592592595
0 0.9576041666666667 0.7448611111111112 0.0403125 0.14583333333333334
0 0.544453125 0.28361111111111115 0.018593750000000003 0.08537037037037037
0 0.27914062500000003 0.46185185185185185 0.023385416666666665 0.12037037037037036
