0 0.3835052083333333 0.96225 0.03390625 0.07514814814814814
0 0.44964322916666666 0.24259259259259258 0.047796874999999996 0.11296296296296296
0 0.046796874999999995 0.6771759259259259 0.037031249999999995 0.13416666666666668
0 0.11721354166666667 0.5383796296296296 0.039322916666666666 0.12435185185185187
0 0.6155729166666667 0.2891666666666667 0.026979166666666665 0.05685185185185185
0 0.07979166666666666 0.5342129629629631 0.0032291666666666666 0.008796296296296297
0 0.2612760416666667 0.46111111111111114 0.026406250000000003 0.12425925925925925
0 0.06942447916666668 0.5527314814814815 0.03606770833333333 0.1363148148148148
0 0.7489322916666666 0.5025462962962963 0.01984375 0.12194444444444444
0 0.9525000000000001 0.4550925925925926 0.0196875 0.10981481481481481
0 0.848046875 0.6731481481481482 0.031822916666666666 0.13944444444444443
0 0.7983072916666667 0.3164814814814815 0.028697916666666667 0.08944444444444444
0 0.094140625 0.47638888888888886 0.030260416666666668 0.12425925925925925
0 0.9313020833333334 0.7457037037037038 0.0369375 0.15133333333333332
0 0.5252604166666667 0.28291666666666665 0.019375 0.08731481481481482
0 0.5318958333333332 0.42442592592592593 0.0235 0.10411111111111111
0 0.647734375 0.40208333333333335 0.029739583333333333 0.09601851851851852
