0 0.6015104166666667 0.2877777777777778 0.024687499999999998 0.06592592592592593
0 0.61640625 0.4000462962962963 0.03979166666666667 0.09824074074074074
0 0.7243333333333334 0.5042592592592593 0.03575 0.12022222222222223
0 0.8208932291666666 0.6689999999999999 0.024838541666666665 0.13761111111111113
0 0.7685937500000001 0.31703703703703706 0.033749999999999995 0.08907407407407408
0 0.021833333333333333 0.6803703703703703 0.036875 0.13644444444444445
0 0.5005729166666667 0.29097222222222224 0.027083333333333334 0.08231481481481483
0 0.3611979166666667 0.9630092592592592 0.036458333333333336 0.07398148148148148
0 0.23914062500000002 0.46435185185185185 0.03109375 0.12111111111111113
0 0.887609375 0.7479953703703704 0.042468750000000006 0.14669444444444446
0 0.499140625 0.41995370370370366 0.037135416666666664 0.09935185185185184
0 0.9291666666666667 0.45749999999999996 0.027916666666666666 0.11
0 0.042020833333333334 0.5556481481481482 0.031625 0.13522222222222222
0 0.43560156249999993 0.23770370370370372 0.042234375000000005 0.13014814814814815
0 0.9909505208333333 0.7701990740740741 0.018098958333333335 0.14750925925925926
0 0.06489583333333333 0.4828240740740741 0.019270833333333334 0.12935185185185183
0 0.09200520833333334 0.5433796296296296 0.02453125 0.12712962962962965
