0 0.05769791666666667 0.4828240740740741 0.027947916666666666 0.13083333333333336
0 0.030802083333333334 0.5550092592592593 0.026614583333333334 0.13933333333333334
0 0.43220833333333336 0.23862499999999998 0.04020833333333333 0.13128703703703704
0 0.7519739583333334 0.31510185185185186 0.029635416666666668 0.09351851851851851
0 0.8621666666666667 0.7459074074074075 0.041124999999999995 0.153
0 0.7136979166666666 0.5007685185185186 0.04541666666666667 0.11870370370370369
0 0.4863541666666667 0.4166203703703704 0.043958333333333335 0.10064814814814815
0 0.8090364583333334 0.669074074074074 0.03979166666666667 0.13833333333333334
0 0.5980494791666666 0.2819722222222222 0.022088541666666666 0.07583333333333334
0 0.35423177083333335 0.9635370370370372 0.04077604166666667 0.07292592592592594
0 0.07836458333333333 0.5444212962962963 0.022447916666666668 0.1284722222222222
0 0.22880208333333332 0.4662962962962963 0.03114583333333333 0.11962962962962961
0 0.9866614583333333 0.7678287037037037 0.026677083333333334 0.1505462962962963
0 0.013940104166666667 0.6801666666666666 0.027703125 0.13875925925925928
0 0.59009375 0.3986898148148148 0.03598958333333333 0.09830555555555556
0 0.4864479166666666 0.2920462962962963 0.016979166666666667 0.0824074074074074
0 0.9217604166666666 0.45562962962962966 0.0273125 0.10955555555555554
