0 0.3467994791666666 0.9631342592592592 0.03911979166666667 0.07373148148148148
0 0.066734375 0.5467037037037038 0.040625 0.12703703703703703
0 0.04709114583333333 0.48633333333333334 0.026890625 0.13137037037037036
0 0.9750520833333333 0.7676574074074074 0.03395833333333333 0.15157407407407406
0 0.9160052083333333 0.45305555555555554 0.022916666666666665 0.10796296296296296
0 0.47565104166666666 0.2957407407407407 0.019947916666666666 0.08407407407407406
0 0.5927916666666667 0.2775092592592593 0.02546875 0.08518518518518518
0 0.2184114583333333 0.46319444444444446 0.026510416666666665 0.12398148148148148
0 0.74115625 0.3138148148148148 0.0345625 0.09133333333333334
0 0.42967187500000004 0.23818981481481483 0.040093750000000004 0.1294537037037037
0 0.8436874999999999 0.7442777777777777 0.050875000000000004 0.14822222222222223
0 0.47459375000000004 0.41125 0.0384375 0.09481481481481482
0 0.020520833333333332 0.5545833333333333 0.030625 0.13731481481481483
0 0.5763697916666666 0.3951574074074074 0.035520833333333335 0.10351851851851851
0 0.804171875 0.6675740740740741 0.03875 0.1358888888888889
0 0.7071510416666666 0.49672222222222223 0.045989583333333334 0.12166666666666667
0 0.013500000000000002 0.6819212962962962 0.027000000000000003 0.14058333333333334
