0 0.039640625 0.4870231481481482 0.02364583333333333 0.12867592592592592
0 0.905890625 0.4523333333333333 0.0249375 0.10877777777777778
0 0.5505520833333333 0.3935740740740741 0.021822916666666668 0.09814814814814815
0 0.015302083333333332 0.5537638888888889 0.030604166666666665 0.13373148148148148
0 0.2045833333333333 0.4591203703703704 0.025416666666666664 0.1149074074074074
0 0.721171875 0.31509259259259254 0.02255208333333333 0.09055555555555556
0 0.5889583333333334 0.27481481481481485 0.024687499999999998 0.09314814814814815
0 0.7904401041666667 0.6644305555555556 0.022348958333333332 0.13652777777777778
0 0.4603229166666667 0.40614814814814815 0.03692708333333334 0.0987037037037037
0 0.4598541666666666 0.29879629629629634 0.02725 0.08166666666666667
0 0.33585156250000003 0.9619444444444443 0.035921875 0.07611111111111112
0 0.9677343750000001 0.7662037037037037 0.04130208333333333 0.15092592592592594
0 0.4278671875 0.23829166666666668 0.039286458333333336 0.1314537037037037
0 0.009924479166666668 0.680875 0.019671875000000002 0.13825
0 0.8141484375 0.7444768518518519 0.030369791666666666 0.1463611111111111
0 0.7025338541666667 0.49662962962962964 0.04753645833333333 0.1204074074074074
0 0.060994791666666666 0.5483518518518519 0.036145833333333335 0.12861111111111112
