0 0.3260416666666667 0.9571481481481482 0.03135416666666667 0.08570370370370371
0 0.42419531250000003 0.2296712962962963 0.040359374999999996 0.11349074074074074
0 0.0031666666666666666 0.6585231481481482 0.006333333333333333 0.05199074074074074
0 0.03539583333333333 0.4873703703703704 0.0253125 0.1288888888888889
0 0.0014322916666666666 0.729125 0.002864583333333333 0.009712962962962963
0 0.6969270833333333 0.49627314814814816 0.04645833333333334 0.12152777777777778
0 0.5870833333333334 0.27069444444444446 0.0234375 0.10083333333333334
0 0.048942708333333335 0.5476296296296297 0.025885416666666668 0.13148148148148148
0 0.191328125 0.45472222222222225 0.03015625 0.11944444444444445
0 0.7959479166666666 0.7409722222222223 0.051187500000000004 0.15064814814814814
0 0.009802083333333333 0.5541296296296296 0.019604166666666666 0.13877777777777778
0 0.9586041666666667 0.7630092592592592 0.037760416666666664 0.15101851851851852
0 0.4481822916666667 0.30192592592592593 0.0271875 0.08472222222222223
0 0.9031770833333332 0.45055555555555554 0.023020833333333334 0.10814814814814815
0 0.5338854166666667 0.3903148148148148 0.041312499999999995 0.0984074074074074
0 0.4393229166666667 0.401712962962963 0.02354166666666667 0.09305555555555556
0 0.710265625 0.3113148148148148 0.028958333333333332 0.09277777777777778
0 0.43692968750000005 0.2995648148148148 0.003859375 0.007777777777777778
0 0.78015625 0.6599999999999999 0.030104166666666664 0.13148148148148148
