0 0.42063541666666665 0.39191203703703703 0.0340625 0.09287962962962963
0 0.43059375 0.3031805555555555 0.0190625 0.09080555555555556
0 0.8975729166666666 0.4454722222222222 0.020927083333333332 0.10933333333333334
0 0.026171875 0.5390277777777778 0.007864583333333333 0.023425925925925926
0 0.18539062500000003 0.4450925925925926 0.025885416666666668 0.1174074074074074
0 0.5009427083333333 0.3900416666666667 0.03828125 0.09767592592592592
0 0.6895989583333333 0.49016203703703703 0.042375 0.11880555555555555
0 0.4204453125 0.22294444444444445 0.041296875000000004 0.09948148148148148
0 0.7707656249999999 0.661861111111111 0.035416666666666666 0.1361111111111111
0 0.0012265625 0.5456296296296296 0.002453125 0.017925925925925925
0 0.9448177083333333 0.7580092592592592 0.025052083333333332 0.15074074074074076
0 0.5839062500000001 0.26870370370370367 0.022875 0.10444444444444444
0 0.02234375 0.4848611111111111 0.022916666666666665 0.12490740740740741
0 0.7701901041666666 0.7429074074074075 0.041401041666666666 0.14679629629629629
0 0.31730468749999996 0.9535462962962963 0.027526041666666667 0.09290740740740741
0 0.690609375 0.3134166666666667 0.02675 0.09257407407407407
0 0.03372395833333333 0.548287037037037 0.031510416666666666 0.12842592592592592
