0 0.9418567708333333 0.7576481481481482 0.030421874999999998 0.1515185185185185
0 0.49522916666666666 0.38713425925925926 0.04089583333333333 0.09893518518518518
0 0.8957578125 0.4434212962962963 0.023078125 0.11086111111111112
0 0.018593750000000003 0.48574074074074075 0.028541666666666667 0.12666666666666668
0 0.18452083333333336 0.4424166666666667 0.027125 0.12044444444444445
0 0.024843749999999998 0.5397314814814814 0.0040625 0.020833333333333332
0 0.030109375 0.5495648148148148 0.039864583333333335 0.1277962962962963
0 0.684421875 0.3110740740740741 0.02354166666666667 0.09037037037037036
0 0.42618229166666666 0.30559259259259264 0.017739583333333333 0.09131481481481482
0 0.7592447916666667 0.741638888888889 0.03742708333333333 0.1492037037037037
0 0.31306249999999997 0.9540277777777779 0.026322916666666665 0.09194444444444444
0 0.6882395833333333 0.4883703703703704 0.0411875 0.11933333333333333
0 0.41976562500000003 0.24024074074074078 0.0415 0.1285740740740741
0 0.7678151041666667 0.6604768518518519 0.032401041666666665 0.13632407407407407
0 0.5832317708333333 0.26749074074074075 0.020442708333333334 0.10609259259259259
0 0.40992187500000005 0.3897685185185185 0.03175 0.0937962962962963
