0 0.7274973958333334 0.24434722222222222 0.020348958333333333 0.07293518518518519
0 0.473703125 0.47918518518518516 0.011875 0.10407407407407408
0 0.3049947916666667 0.5522222222222222 0.015510416666666667 0.11222222222222222
0 0.6911197916666666 0.3372685185185185 0.020135416666666666 0.0812962962962963
0 0.46945833333333337 0.5746666666666667 0.01942708333333333 0.11212962962962962
0 0.25526041666666666 0.6159074074074073 0.0235625 0.1121111111111111
0 0.6724322916666666 0.5786944444444444 0.02578125 0.11055555555555556
0 0.6581979166666667 0.2371388888888889 0.017552083333333336 0.07722222222222223
0 0.7319739583333333 0.33620370370370367 0.015864583333333335 0.07907407407407407
0 0.27498958333333334 0.4392407407407407 0.01952083333333333 0.09633333333333334
0 0.7235729166666667 0.5885648148148148 0.0204375 0.11275925925925925
0 0.28428125 0.4864907407407407 0.018541666666666668 0.10722222222222222
0 0.4012395833333333 0.5774166666666667 0.02002083333333333 0.1151851851851852
0 0.14665104166666668 0.5569074074074074 0.01884375 0.11344444444444444
0 0.14209635416666666 0.4712037037037037 0.015067708333333334 0.11214814814814815
0 0.3875546875 0.5913055555555555 0.03615104166666667 0.11981481481481482
0 0.1264375 0.5241203703703703 0.0190625 0.11342592592592593
0 0.32295833333333335 0.5634999999999999 0.025104166666666667 0.11305555555555555
0 0.386796875 0.6306620370370369 0.011510416666666667 0.015157407407407408
0 0.22347135416666666 0.5101666666666667 0.017932291666666666 0.10985185185185185
0 0.16442968750000003 0.5655416666666666 0.021328125 0.11708333333333333
0 0.37136458333333333 0.5247314814814815 0.017708333333333333 0.10527777777777778
