0 0.6819895833333334 0.3093796296296296 0.02625 0.09251851851851851
0 0.4867083333333333 0.3822314814814815 0.03767708333333333 0.0930925925925926
0 0.4241041666666667 0.254962962962963 0.032375 0.0971111111111111
0 0.028651041666666665 0.5511851851851852 0.04021875 0.12955555555555553
0 0.42162239583333333 0.30681018518518516 0.01738020833333333 0.08893518518518519
0 0.4306510416666667 0.29267129629629635 0.00465625 0.017564814814814814
0 0.5830364583333334 0.26890740740740743 0.02002083333333333 0.10466666666666667
0 0.399015625 0.3884027777777778 0.024822916666666663 0.09906481481481481
0 0.30934635416666667 0.9538796296296297 0.025244791666666665 0.09224074074074075
0 0.9363151041666666 0.7578194444444444 0.042328125 0.1496574074074074
0 0.016328125000000002 0.48652777777777784 0.02921875 0.12638888888888888
0 0.8947656249999999 0.44416666666666665 0.02484375 0.10962962962962963
0 0.7539479166666666 0.7389166666666667 0.0428125 0.15311111111111111
0 0.6869062499999999 0.4884768518518518 0.041239583333333336 0.11891666666666667
0 0.1837083333333333 0.4394722222222222 0.029520833333333333 0.11824074074074074
0 0.7636875 0.657287037037037 0.028187499999999997 0.13577777777777778
