0 0.02367708333333333 0.5516666666666666 0.034312499999999996 0.12975925925925924
0 0.5864843750000001 0.27108333333333334 0.018625 0.09988888888888889
0 0.8930833333333333 0.4428981481481482 0.026583333333333334 0.10990740740740741
0 0.4174322916666667 0.25546296296296295 0.046385416666666665 0.09518518518518518
0 0.465625 0.37947222222222227 0.038625 0.09577777777777778
0 0.38119791666666664 0.3798518518518519 0.036812500000000005 0.09577777777777778
0 0.412890625 0.3063888888888889 0.024947916666666667 0.09166666666666666
0 0.7387395833333332 0.738199074074074 0.045375000000000006 0.1458611111111111
0 0.7566875 0.6553842592592592 0.025062499999999998 0.13780555555555557
0 0.6858958333333333 0.48830555555555555 0.03755208333333333 0.11944444444444445
0 0.301859375 0.9490462962962963 0.026875 0.1019074074074074
0 0.6714791666666666 0.3110740740740741 0.032875 0.09
0 0.015911458333333333 0.48726851851851855 0.027760416666666666 0.12638888888888888
0 0.184359375 0.43243518518518514 0.043645833333333335 0.09851851851851852
0 0.02948177083333333 0.5405185185185185 0.004744791666666666 0.020574074074074074
0 0.9352499999999999 0.7566018518518518 0.04541666666666667 0.1486111111111111
