0 0.932796875 0.7546018518518519 0.041375 0.1492037037037037
0 0.2970078125 0.9469953703703704 0.030244791666666666 0.10600925925925926
0 0.7498958333333333 0.6554953703703704 0.03630208333333333 0.13747222222222222
0 0.7270677083333333 0.7384166666666667 0.0373125 0.14544444444444446
0 0.417515625 0.25427777777777777 0.04679166666666667 0.09637037037037037
0 0.018604166666666665 0.5506527777777778 0.028333333333333332 0.13123148148148148
0 0.8912291666666666 0.44165740740740744 0.02663541666666667 0.11075925925925927
0 0.1790104166666667 0.43425 0.04827083333333334 0.09462962962962963
0 0.6666770833333333 0.3111759259259259 0.023854166666666666 0.09040740740740741
0 0.014807291666666667 0.4876435185185185 0.02645833333333333 0.12525
0 0.6858072916666667 0.4879166666666667 0.03723958333333333 0.11774074074074074
0 0.03108854166666667 0.5395000000000001 0.011114583333333334 0.02514814814814815
0 0.587421875 0.27055555555555555 0.021718750000000002 0.10351851851851851
0 0.454671875 0.37432407407407403 0.05088541666666667 0.09009259259259259
0 0.3713802083333333 0.38072685185185184 0.035145833333333334 0.09282407407407407
0 0.40874739583333336 0.30737499999999995 0.031473958333333336 0.09215740740740741
