0 0.7096927083333334 0.7355601851851852 0.035895833333333335 0.14469444444444446
0 0.8895000000000001 0.43816203703703704 0.022354166666666668 0.10771296296296295
0 0.5889609374999999 0.2742546296296296 0.031234374999999998 0.09712037037037037
0 0.011427083333333334 0.5510555555555555 0.02285416666666667 0.1329074074074074
0 0.8934739583333333 0.48627777777777786 0.003177083333333333 0.009166666666666667
0 0.3560703125 0.37934259259259256 0.019890625 0.092
0 0.7458515625 0.6543935185185186 0.041078125 0.13439814814814816
0 0.43716145833333336 0.3744166666666667 0.03747916666666666 0.09485185185185185
0 0.42142447916666664 0.25601851851851853 0.035265624999999995 0.09231481481481482
0 0.003453125 0.5448657407407407 0.005916666666666666 0.01075
0 0.6530859375 0.31056018518518513 0.018807291666666667 0.09215740740740741
0 0.6829166666666667 0.4871805555555555 0.03380208333333334 0.11730555555555555
0 0.16772395833333334 0.4356990740740741 0.046218749999999996 0.08960185185185185
0 0.2901875 0.9456157407407407 0.03558333333333333 0.10876851851851851
0 0.9233125 0.752263888888889 0.03369791666666667 0.14930555555555555
0 0.40153645833333335 0.3121157407407407 0.031864583333333335 0.09423148148148147
0 0.0159453125 0.4883333333333334 0.031161458333333333 0.12672222222222224
