0 0.39407291666666666 0.31263425925925925 0.025833333333333333 0.09312037037037037
0 0.6465390625 0.31140740740740747 0.023401041666666667 0.08975925925925926
0 0.7424348958333334 0.654074074074074 0.038328125000000005 0.13374074074074074
0 0.7021432291666667 0.7338287037037037 0.04315104166666666 0.1486388888888889
0 0.3416458333333333 0.3789537037037037 0.025291666666666667 0.0912037037037037
0 0.0101953125 0.5520462962962963 0.020390625 0.13287037037037036
0 0.42215885416666665 0.3723981481481482 0.027630208333333333 0.09727777777777778
0 0.8873802083333333 0.43721296296296297 0.02040625 0.10707407407407407
0 0.680734375 0.4862268518518518 0.028489583333333336 0.11636111111111111
0 0.4217786458333333 0.2548472222222222 0.028265625000000003 0.09391666666666668
0 0.286296875 0.9458194444444444 0.03834375 0.10836111111111112
0 0.5864296875 0.2740138888888889 0.027453125000000002 0.09712037037037037
0 0.16031510416666667 0.43583796296296295 0.03546354166666667 0.08736111111111111
0 0.9124947916666667 0.7509398148148148 0.02853125 0.1481388888888889
0 0.012427083333333333 0.48874074074074075 0.024854166666666667 0.12785185185185186
