0 0.009265625 0.48834259259259266 0.01853125 0.12996296296296297
0 0.6763802083333332 0.48562500000000003 0.020947916666666667 0.11669444444444445
0 0.6319010416666667 0.31212500000000004 0.03376041666666666 0.08412037037037036
0 0.3828463541666667 0.31097685185185187 0.017817708333333335 0.0945462962962963
0 0.008723958333333334 0.5603379629629629 0.017447916666666667 0.11260185185185186
0 0.4159557291666667 0.25154166666666666 0.022317708333333335 0.09506481481481481
0 0.57959375 0.2734537037037037 0.0198125 0.09603703703703703
0 0.15608854166666666 0.4355138888888889 0.033749999999999995 0.08721296296296296
0 0.3223463541666666 0.37657870370370367 0.03366145833333333 0.08228703703703705
0 0.6875312499999999 0.7316435185185185 0.04795833333333333 0.145212962962963
0 0.7347291666666665 0.6510648148148148 0.029010416666666667 0.13475925925925925
0 0.8818541666666666 0.43643055555555554 0.020697916666666667 0.10637962962962963
0 0.2781796875 0.9441481481481482 0.043078124999999995 0.11170370370370371
0 0.40230468750000004 0.3685787037037037 0.024723958333333334 0.09736111111111112
0 0.9024088541666667 0.7502962962962962 0.03416145833333333 0.15057407407407408
