0 0.6411302083333333 0.7237083333333334 0.035770833333333335 0.14358333333333334
0 0.39493229166666666 0.2442037037037037 0.014624999999999999 0.0971111111111111
0 0.8786666666666666 0.7412175925925926 0.04272916666666667 0.14913888888888888
0 0.3587473958333333 0.29636111111111113 0.020453125000000003 0.06301851851851852
0 0.6101536458333333 0.30904166666666666 0.026203125 0.08645370370370371
0 0.24847916666666667 0.9352870370370371 0.03335416666666667 0.12942592592592592
0 0.3593463541666667 0.36386574074074074 0.024973958333333334 0.0848425925925926
0 0.6535651041666667 0.48120833333333335 0.022473958333333332 0.1079537037037037
0 0.7044895833333332 0.6425324074074074 0.031822916666666666 0.13732407407407407
0 0.5629453124999999 0.2704259259259259 0.015869791666666667 0.0927037037037037
0 0.859921875 0.42926388888888883 0.025531250000000002 0.10375
0 0.13828385416666666 0.42739351851851853 0.030557291666666667 0.09697222222222222
0 0.29408854166666665 0.375625 0.02020833333333333 0.07167592592592592
0 0.3524557291666666 0.3452361111111111 0.005244791666666667 0.025972222222222223
