0 0.21190625000000002 0.9289814814814815 0.032927083333333336 0.14203703703703704
0 0.8253489583333333 0.4129814814814815 0.023572916666666666 0.1018148148148148
0 0.5934088541666667 0.707787037037037 0.04925520833333333 0.1435925925925926
0 0.6665234375 0.6295555555555555 0.03790104166666666 0.135
0 0.5366822916666667 0.2593796296296296 0.02020833333333333 0.09235185185185185
0 0.6208776041666667 0.47706944444444443 0.024640625000000003 0.10952777777777778
0 0.3625026041666667 0.236125 0.022588541666666666 0.09287962962962963
0 0.11201041666666667 0.4178101851851852 0.029572916666666667 0.10093518518518518
0 0.5775208333333333 0.2969351851851852 0.020947916666666667 0.08718518518518519
0 0.32199739583333337 0.30174074074074075 0.023161458333333333 0.09183333333333334
0 0.8353750000000001 0.7198472222222223 0.025812500000000002 0.14510185185185187
0 0.2991927083333333 0.3521388888888889 0.04559375 0.07798148148148148
0 0.24957552083333334 0.36783796296296295 0.028171875000000002 0.07258333333333333
