0 0.8038828124999999 0.40239814814814817 0.023953125000000002 0.10514814814814814
0 0.22759635416666668 0.35951388888888886 0.022932291666666667 0.07399074074074073
0 0.09340885416666667 0.41187037037037044 0.03138020833333333 0.09740740740740741
0 0.5190677083333333 0.2524212962962963 0.021802083333333333 0.09200925925925926
0 0.8059453125 0.7082685185185185 0.027442708333333333 0.14383333333333334
0 0.2683776041666667 0.3476388888888889 0.03668229166666667 0.07583333333333334
0 0.5591979166666667 0.7019074074074073 0.03804166666666667 0.14081481481481484
0 0.6418828125 0.6166574074074074 0.03449479166666667 0.134
0 0.6000963541666666 0.4693101851851852 0.022359375 0.10850925925925926
0 0.34349999999999997 0.22744444444444442 0.019583333333333335 0.09231481481481482
0 0.29616666666666663 0.2964722222222222 0.02666666666666667 0.09433333333333332
0 0.188515625 0.9255462962962963 0.03690625 0.1489074074074074
0 0.5546354166666666 0.2937916666666667 0.018802083333333334 0.08612037037037037
