0 0.07075000000000001 0.40487962962962964 0.029125 0.10287037037037036
0 0.7663307291666666 0.6934398148148149 0.045036458333333335 0.14112037037037037
0 0.31991145833333334 0.2202037037037037 0.019874999999999997 0.09133333333333334
0 0.515171875 0.6857407407407408 0.03641666666666667 0.14307407407407408
0 0.6074687500000001 0.6015555555555556 0.0256875 0.13066666666666668
0 0.5243749999999999 0.28894444444444445 0.01825 0.08544444444444445
0 0.7721614583333333 0.38930555555555557 0.026302083333333334 0.09824074074074074
0 0.2679947916666666 0.2938888888888889 0.020885416666666667 0.09092592592592592
0 0.57446875 0.45711111111111113 0.019187500000000003 0.11133333333333333
0 0.23226041666666666 0.3384259259259259 0.028572916666666667 0.08133333333333334
0 0.49453125 0.24572222222222223 0.0219375 0.09144444444444445
0 0.1997578125 0.3485185185185185 0.019619791666666667 0.0792962962962963
0 0.15478125 0.9131527777777777 0.03626041666666667 0.1621388888888889
