0 0.3209375 0.5879907407407408 0.024385416666666666 0.12127777777777776
0 0.6693541666666666 0.23821759259259262 0.021145833333333332 0.07587962962962963
0 0.42227604166666666 0.5887546296296297 0.032010416666666666 0.11497222222222223
0 0.14722395833333335 0.47026851851851853 0.011729166666666667 0.11494444444444445
0 0.7750182291666667 0.32710648148148147 0.016411458333333333 0.0774537037037037
0 0.3120572916666667 0.5508240740740741 0.014427083333333333 0.11398148148148148
0 0.3822734375 0.5275046296296296 0.024796875 0.1069537037037037
0 0.2555130208333333 0.6121527777777778 0.023953125000000002 0.11345370370370371
0 0.28302604166666673 0.4395138888888889 0.013239583333333334 0.09412037037037038
0 0.19335677083333333 0.5663379629629629 0.016911458333333334 0.1173425925925926
0 0.9990677083333334 0.6764537037037036 0.0018645833333333333 0.016925925925925928
0 0.29219791666666667 0.5657175925925926 0.026041666666666668 0.11299074074074074
0 0.714625 0.3273472222222222 0.017979166666666668 0.08223148148148149
0 0.13190625 0.5254212962962963 0.02354166666666667 0.11439814814814815
0 0.15663802083333334 0.5582314814814815 0.019619791666666667 0.11164814814814815
0 0.9931067708333333 0.7403935185185185 0.013786458333333333 0.10386111111111111
0 0.7082161458333334 0.24677314814814813 0.013161458333333332 0.0746388888888889
0 0.4802578125 0.4815416666666667 0.011723958333333334 0.10328703703703704
0 0.6435885416666667 0.6054768518518518 0.021270833333333336 0.11478703703703703
0 0.7324765625 0.5807268518518519 0.020734375000000003 0.10962037037037037
0 0.3468828125 0.5885648148148148 0.019338541666666667 0.11898148148148148
0 0.22289322916666668 0.5155972222222223 0.017171875 0.11128703703703703
0 0.2922083333333333 0.4881296296296297 0.018927083333333334 0.10625925925925926
