0 0.5206510416666666 0.4486527777777778 0.019125 0.11356481481481483
0 0.46525 0.27955092592592595 0.021072916666666667 0.08493518518518518
0 0.44598437500000004 0.2346851851851852 0.017906250000000002 0.0895925925925926
0 0.1485703125 0.3427962962962963 0.021151041666666665 0.0912037037037037
0 0.17129427083333332 0.3307962962962963 0.024119791666666668 0.08735185185185186
0 0.6808671875000001 0.6557129629629629 0.031109374999999998 0.13711111111111113
0 0.031125000000000003 0.3987962962962963 0.026020833333333333 0.1082962962962963
0 0.08282031249999999 0.8749166666666667 0.041734375 0.1567037037037037
0 0.5313958333333333 0.5723564814814814 0.025552083333333333 0.12512037037037035
0 0.4087734375 0.6516157407407407 0.04365104166666667 0.1385833333333333
0 0.9355807291666667 0.3104537037037037 0.017036458333333334 0.10640740740740741
0 0.7024010416666666 0.36472685185185183 0.02109375 0.09691666666666666
0 0.2759713541666667 0.2115462962962963 0.028276041666666665 0.08401851851851852
0 0.21049739583333332 0.2868148148148148 0.021421875 0.0887962962962963
