0 0.2867864583333333 0.20483796296296297 0.018635416666666668 0.0843425925925926
0 0.15853906250000002 0.33631481481481484 0.025036458333333334 0.09322222222222223
0 0.6754114583333333 0.3518148148148148 0.017906250000000002 0.09112962962962963
0 0.6311640625 0.6311898148148147 0.022994791666666667 0.13219444444444445
0 0.43353125 0.22371296296296295 0.018072916666666668 0.0777962962962963
0 0.49821614583333335 0.4425 0.018453125 0.11566666666666667
0 0.43534375000000003 0.27796759259259257 0.017385416666666667 0.08663888888888888
0 0.8874244791666666 0.29741666666666666 0.018213541666666666 0.09946296296296296
0 0.029554687500000003 0.4035925925925926 0.023661458333333333 0.10585185185185185
0 0.19409635416666665 0.28987037037037033 0.01766145833333333 0.09346296296296296
0 0.48094531250000006 0.5538703703703703 0.026140624999999997 0.1188148148148148
0 0.33477864583333333 0.6340462962962963 0.044286458333333334 0.1335
0 0.02227604166666667 0.8516018518518519 0.04455208333333334 0.1504074074074074
0 0.13892447916666667 0.3485462962962963 0.02158854166666667 0.0927037037037037
