0 0.4629583333333333 0.5493055555555556 0.0353125 0.12101851851851851
0 0.6161510416666667 0.6270648148148148 0.030677083333333334 0.12814814814814815
0 0.04228125 0.4156898148148148 0.02271875 0.11252777777777778
0 0.1974505208333333 0.2971759259259259 0.020203125 0.09351851851851851
0 0.30614062500000006 0.2063148148148148 0.022083333333333333 0.08777777777777777
0 0.17602083333333332 0.3457037037037037 0.03229166666666667 0.09240740740740741
0 0.4278125 0.2856944444444445 0.024010416666666666 0.08898148148148148
0 0.2892239583333333 0.6303425925925926 0.042083333333333334 0.13425925925925927
0 0.14943229166666666 0.35882407407407413 0.021041666666666667 0.09546296296296296
0 0.4947473958333334 0.4523796296296297 0.01699479166666667 0.11731481481481482
0 0.6752760416666667 0.3523425925925926 0.015208333333333332 0.09046296296296297
0 0.8703385416666667 0.29583333333333334 0.029427083333333333 0.09907407407407408
0 0.43699479166666666 0.23269444444444445 0.016041666666666666 0.09268518518518518
