0 0.22038020833333333 0.35344907407407405 0.04 0.09239814814814816
0 0.49127604166666666 0.46996296296296297 0.019947916666666666 0.1162037037037037
0 0.22941666666666666 0.6307037037037037 0.03739583333333333 0.12944444444444445
0 0.8458125 0.2911296296296296 0.03177083333333333 0.09833333333333334
0 0.33575 0.20976851851851852 0.030000000000000002 0.0824074074074074
0 0.16573958333333333 0.3702870370370371 0.01578125 0.10111111111111111
0 0.5892317708333332 0.6241203703703704 0.036671875 0.13092592592592592
0 0.20512499999999997 0.30877777777777776 0.01864583333333333 0.09481481481481482
0 0.4446614583333333 0.5497685185185185 0.0253125 0.1259259259259259
0 0.060911458333333335 0.42903703703703705 0.023385416666666665 0.1175925925925926
0 0.6666041666666666 0.35765740740740737 0.03395833333333333 0.0874074074074074
0 0.40754166666666664 0.2932685185185185 0.018802083333333334 0.0887037037037037
0 0.43752083333333336 0.23576851851851852 0.020781249999999998 0.09287037037037037
