0 0.6422239583333333 0.36974074074074076 0.028385416666666666 0.08462962962962964
0 0.8321875000000001 0.28847222222222224 0.029062499999999998 0.09768518518518518
0 0.30018229166666666 0.3642222222222222 0.025260416666666667 0.09944444444444445
0 0.17179166666666668 0.625712962962963 0.04432291666666666 0.1375
0 0.5778958333333333 0.620074074074074 0.034479166666666665 0.1289814814814815
0 0.3903020833333333 0.2936388888888889 0.019166666666666665 0.09472222222222222
0 0.437609375 0.5534166666666667 0.02755208333333333 0.12333333333333332
0 0.22589583333333335 0.3219444444444445 0.022239583333333333 0.09185185185185185
0 0.44666666666666666 0.23916666666666667 0.018177083333333333 0.09212962962962963
0 0.19694270833333333 0.3813796296296296 0.0196875 0.10888888888888888
0 0.3651145833333333 0.20777777777777776 0.023072916666666665 0.08944444444444444
0 0.49666145833333336 0.4849305555555556 0.020989583333333332 0.11647222222222223
0 0.0959375 0.4419074074074074 0.022395833333333334 0.12518518518518518
0 0.004901041666666666 0.46184722222222224 0.009802083333333333 0.1218425925925926
