0 0.05297916666666667 0.5286851851851851 0.045000000000000005 0.10962962962962963
0 0.8527083333333334 0.29103703703703704 0.02671875 0.09759259259259259
0 0.41303125 0.21692592592592594 0.03140625 0.07435185185185185
0 0.5320677083333334 0.5018611111111111 0.024583333333333336 0.12101851851851851
0 0.4600885416666667 0.5604351851851852 0.029270833333333336 0.12361111111111112
0 0.0034739583333333332 0.530125 0.0069479166666666665 0.01525
0 0.42080208333333335 0.37549074074074074 0.0209375 0.09527777777777778
0 0.26769270833333336 0.33866666666666667 0.027708333333333335 0.09564814814814815
0 0.5962291666666667 0.6198703703703704 0.033749999999999995 0.13046296296296298
0 0.48106770833333334 0.24371296296296294 0.021197916666666667 0.09287037037037037
0 0.25608333333333333 0.3934768518518518 0.015260416666666667 0.11043518518518518
0 0.014776041666666666 0.44862037037037034 0.025625000000000002 0.12055555555555554
0 0.15051041666666667 0.45058333333333334 0.021718750000000002 0.12268518518518519
0 0.6138958333333334 0.37244444444444447 0.03046875 0.0925
0 0.15490625 0.6180092592592593 0.03828125 0.13722222222222222
0 0.414328125 0.30431018518518516 0.016145833333333335 0.09263888888888888
