0 0.3549583333333333 0.46132407407407405 0.021718750000000002 0.09425925925925925
0 0.2839375 0.36050000000000004 0.01546875 0.09222222222222222
0 0.15638541666666667 0.4761944444444444 0.021666666666666667 0.10444444444444444
0 0.14370052083333335 0.2794814814814815 0.018411458333333335 0.08481481481481482
0 0.5366458333333333 0.38460648148148147 0.031197916666666665 0.09102777777777778
0 0.437984375 0.4708981481481481 0.017760416666666667 0.09574074074074075
0 0.48526041666666664 0.6164259259259259 0.024635416666666667 0.11398148148148148
0 0.11055729166666667 0.5668333333333334 0.035833333333333335 0.12009259259259258
0 0.10184895833333334 0.4114351851851852 0.03635416666666667 0.0875
0 0.06674479166666666 0.7939351851851852 0.04703125 0.13675925925925925
0 0.5114427083333334 0.6815370370370369 0.024635416666666667 0.11814814814814814
0 0.30378125 0.5852777777777778 0.0228125 0.12157407407407408
0 0.5225885416666667 0.3921944444444445 0.021822916666666668 0.08385185185185186
0 0.5423645833333334 0.48562037037037037 0.027083333333333334 0.10601851851851851
0 0.10316145833333333 0.6958148148148149 0.03296875 0.13046296296296298
0 0.6106250000000001 0.5033611111111111 0.026510416666666665 0.11805555555555555
0 0.9915885416666668 0.5878333333333333 0.016822916666666667 0.12824074074074074
