0 0.46771875 0.37662962962962965 0.04078125 0.07925925925925925
0 0.0748515625 0.25653703703703706 0.022598958333333332 0.08755555555555555
0 0.4267708333333333 0.5907407407407408 0.0284375 0.1112962962962963
0 0.10186458333333333 0.44022222222222224 0.019114583333333334 0.0975
0 0.298890625 0.572 0.030260416666666668 0.10629629629629629
0 0.6184999999999999 0.47125925925925927 0.04114583333333333 0.09916666666666667
0 0.09159895833333334 0.6914074074074075 0.04119791666666666 0.1087037037037037
0 0.24056770833333332 0.33824074074074073 0.03333333333333333 0.08157407407407406
0 0.09907552083333333 0.4016342592592593 0.006567708333333333 0.014768518518518518
0 0.9244479166666667 0.5540277777777777 0.047177083333333335 0.11238888888888889
0 0.08841145833333333 0.7777314814814815 0.055052083333333335 0.12212962962962963
0 0.5143489583333333 0.6746944444444445 0.041041666666666664 0.10898148148148148
0 0.11536979166666667 0.36754629629629626 0.02276041666666667 0.08916666666666666
0 0.40491666666666665 0.4381574074074074 0.031927083333333335 0.0813888888888889
0 0.550421875 0.4364259259259259 0.030520833333333334 0.08824074074074074
0 0.25550520833333334 0.4161759259259259 0.024583333333333336 0.09990740740740742
0 0.507296875 0.3553055555555556 0.029479166666666667 0.06361111111111112
0 0.053765625000000004 0.5471944444444444 0.03692708333333334 0.11935185185185186
