0 0.014796875 0.8152685185185186 0.02959375 0.13805555555555554
0 0.45559375 0.697324074074074 0.04083333333333334 0.12398148148148148
0 0.26294270833333333 0.4341666666666667 0.045572916666666664 0.09185185185185185
0 0.011825520833333332 0.3368148148148148 0.023651041666666664 0.09444444444444444
0 0.516421875 0.4071111111111111 0.03760416666666667 0.09935185185185184
0 0.25776041666666666 0.6029907407407407 0.050625 0.10287037037037036
0 0.16520833333333332 0.5546203703703704 0.04223958333333333 0.1162037037037037
0 0.45822916666666663 0.3771203703703704 0.030989583333333334 0.09490740740740741
0 0.37719270833333335 0.35516666666666663 0.0265625 0.08268518518518518
0 0.3116875 0.3695555555555556 0.04348958333333333 0.09101851851851851
0 0.7238307291666667 0.4936203703703704 0.043796875 0.11768518518518518
