0 0.6850572916666666 0.24004629629629629 0.014531249999999999 0.08101851851851852
0 0.22763802083333334 0.5236990740740741 0.002984375 0.013157407407407408
0 0.2328125 0.4925925925925926 0.012916666666666667 0.07405555555555556
0 0.23749479166666665 0.591962962962963 0.004322916666666667 0.015925925925925927
0 0.38222395833333334 0.5301851851851852 0.01875 0.1037037037037037
0 0.25738541666666664 0.5541157407407407 0.018020833333333333 0.0683425925925926
0 0.9209114583333332 0.6837962962962963 0.02666666666666667 0.1259259259259259
0 0.6971041666666667 0.5693425925925926 0.017708333333333333 0.10944444444444444
0 0.5571302083333334 0.648125 0.021145833333333332 0.1195462962962963
0 0.25457552083333335 0.6223240740740741 0.0037031250000000003 0.013259259259259259
0 0.5001302083333333 0.4714537037037037 0.0196875 0.09962962962962962
0 0.18429166666666666 0.5658611111111111 0.03328125 0.11731481481481482
0 0.7621979166666667 0.30306481481481484 0.015104166666666667 0.07648148148148147
0 0.29670572916666665 0.4396759259259259 0.015255208333333332 0.09518518518518518
0 0.16076041666666668 0.47079629629629627 0.011770833333333335 0.11185185185185186
0 0.16851822916666667 0.5582824074074073 0.017223958333333334 0.11093518518518519
0 0.3046979166666667 0.48766666666666675 0.0190625 0.10740740740740741
0 0.33085416666666667 0.602712962962963 0.018125 0.11583333333333333
0 0.26205989583333333 0.6103240740740742 0.032171875 0.12351851851851853
0 0.22910416666666666 0.5687407407407408 0.017447916666666667 0.11935185185185186
0 0.6710729166666667 0.24606481481481482 0.0171875 0.07268518518518519
0 0.14554166666666665 0.5306203703703704 0.015156250000000001 0.11435185185185186
0 0.1738489583333333 0.5432685185185185 0.0028125000000000003 0.008981481481481481
0 0.3176953125 0.5538796296296297 0.019130208333333332 0.11314814814814815
0 0.7244114583333334 0.3070277777777778 0.015052083333333332 0.07833333333333332
0 0.24318229166666666 0.6104027777777777 0.02403125 0.11317592592592593
