0 0.2040833333333333 0.6509259259259259 0.04130208333333333 0.11722222222222221
0 0.164421875 0.3905185185185185 0.04010416666666667 0.09592592592592591
0 0.11397916666666667 0.5411111111111111 0.0396875 0.10944444444444444
0 0.03099479166666667 0.714675925925926 0.03135416666666667 0.12398148148148148
0 0.444296875 0.5300648148148148 0.028177083333333335 0.1050925925925926
0 0.5889583333333334 0.6236203703703703 0.043854166666666666 0.11861111111111111
0 0.5229947916666666 0.3776388888888889 0.02822916666666667 0.08712962962962963
0 0.8107395833333334 0.4967685185185185 0.031927083333333335 0.09787037037037037
0 0.19323958333333335 0.4179629629629629 0.028489583333333336 0.09212962962962963
0 0.5701927083333334 0.3332777777777778 0.029635416666666668 0.07722222222222223
0 0.7989999999999999 0.3527129629629629 0.024479166666666666 0.08824074074074074
0 0.5772291666666667 0.18825925925925927 0.021875 0.06944444444444445
0 0.366609375 0.10897222222222222 0.026093750000000002 0.06416666666666666
0 0.24446614583333334 0.3023981481481482 0.036036458333333334 0.0787962962962963
