0 0.6469635416666667 0.6330925925925927 0.03640625 0.13277777777777777
0 0.10066145833333333 0.6792083333333333 0.03705208333333333 0.12360185185185187
0 0.18127083333333333 0.5262777777777777 0.045000000000000005 0.11203703703703703
0 0.9053802083333333 0.5053240740740741 0.03283333333333333 0.1057037037037037
0 0.5327968750000001 0.5357685185185186 0.025875 0.11538888888888889
0 0.6064062500000001 0.37348148148148147 0.028802083333333332 0.09592592592592591
0 0.45884375 0.12016666666666667 0.021458333333333336 0.06555555555555555
0 0.6590729166666667 0.3388935185185185 0.034791666666666665 0.08202777777777778
0 0.9154270833333334 0.36897222222222226 0.024947916666666667 0.08675925925925926
0 0.216171875 0.3968888888888889 0.028489583333333336 0.09916666666666667
0 0.24604687499999997 0.6364074074074074 0.038697916666666665 0.12101851851851851
0 0.23023437499999996 0.41762499999999997 0.0022395833333333334 0.005472222222222222
0 0.237578125 0.4333518518518518 0.027760416666666666 0.10027777777777777
0 0.6460208333333333 0.19453703703703704 0.021458333333333336 0.07175925925925926
0 0.316265625 0.31296296296296294 0.03291666666666667 0.08314814814814815
