0 0.2460416666666667 0.5229629629629631 0.03916666666666667 0.11611111111111112
0 0.6947187499999999 0.37356481481481485 0.028125 0.09185185185185185
0 0.28033854166666666 0.4131435185185185 0.022395833333333334 0.1038425925925926
0 0.1738046875 0.6452314814814815 0.03646354166666667 0.11777777777777779
0 0.5712005208333334 0.1325 0.031046874999999998 0.06824074074074074
0 0.7138932291666666 0.6285092592592594 0.04797395833333333 0.1212037037037037
0 0.30484375 0.6092314814814814 0.03864583333333334 0.10935185185185185
0 0.6459791666666667 0.5409907407407408 0.02744791666666667 0.11981481481481482
0 0.727546875 0.20761574074074074 0.02984375 0.07426851851851851
0 0.40820833333333334 0.32893518518518516 0.018593750000000003 0.08907407407407408
0 0.7447031249999999 0.34394444444444444 0.02734375 0.08046296296296297
0 0.2972447916666667 0.4446481481481481 0.03630208333333333 0.10490740740740741
