0 0.7622552083333333 0.34983333333333333 0.03586458333333333 0.08672222222222221
0 0.7302083333333333 0.6367777777777778 0.04119791666666666 0.1360185185185185
0 0.46218229166666674 0.33614814814814814 0.021822916666666668 0.09009259259259259
0 0.2993515625 0.46414814814814814 0.008598958333333333 0.020370370370370372
0 0.20283854166666665 0.6255833333333334 0.0353125 0.11416666666666667
0 0.7273802083333334 0.37657870370370367 0.034791666666666665 0.09430555555555555
0 0.3140677083333333 0.4620648148148148 0.03125 0.10527777777777778
0 0.7014322916666667 0.5477916666666667 0.025 0.1100462962962963
0 0.2749010416666667 0.5189444444444443 0.04286458333333333 0.11561111111111111
0 0.748140625 0.22578703703703704 0.024427083333333332 0.07796296296296297
0 0.6266197916666667 0.15563888888888885 0.024427083333333332 0.07351851851851852
0 0.31460937499999997 0.41410185185185183 0.03910416666666667 0.08462962962962964
0 0.32171874999999994 0.6075555555555555 0.03598958333333333 0.11907407407407407
