0 0.3084635416666667 0.4170833333333333 0.02890625 0.07972222222222222
0 0.7214218750000001 0.545638888888889 0.026510416666666665 0.11425925925925927
0 0.27406250000000004 0.516425925925926 0.03473958333333334 0.11398148148148148
0 0.7440364583333334 0.23335185185185184 0.035833333333333335 0.07537037037037038
0 0.3101770833333334 0.466037037037037 0.040052083333333335 0.09944444444444445
0 0.20118750000000002 0.6136851851851852 0.02921875 0.11657407407407408
0 0.7171093749999999 0.37352777777777774 0.02921875 0.08731481481481482
0 0.719140625 0.6206481481481481 0.047239583333333335 0.1201851851851852
0 0.6413541666666667 0.16754629629629628 0.031197916666666665 0.07185185185185185
0 0.4865052083333333 0.33824074074074073 0.024895833333333332 0.08370370370370371
0 0.3208020833333334 0.5969166666666667 0.03786458333333333 0.10907407407407407
0 0.31361718750000006 0.46039814814814817 0.009328125 0.03816666666666667
0 0.7458619791666666 0.3496296296296296 0.03224479166666667 0.0887037037037037
