0 0.7539843749999999 0.5470925925925925 0.026093750000000002 0.11722222222222221
0 0.5121927083333333 0.3437731481481482 0.03078125 0.08621296296296296
0 0.3106484375 0.6010648148148148 0.025828125 0.11694444444444445
0 0.7345677083333334 0.24248148148148146 0.033749999999999995 0.07509259259259259
0 0.26414583333333336 0.5229074074074074 0.033177083333333336 0.12046296296296295
0 0.70471875 0.6259351851851852 0.031197916666666665 0.12712962962962965
0 0.3079322916666667 0.4346759259259259 0.0328125 0.10935185185185185
0 0.7340885416666667 0.3459166666666667 0.02713541666666667 0.09107407407407407
0 0.28886979166666665 0.48351851851851857 0.0325 0.10731481481481482
0 0.7128541666666667 0.36983333333333335 0.0296875 0.08814814814814816
0 0.657453125 0.18008333333333335 0.01765625 0.07416666666666666
0 0.19659895833333335 0.6038611111111112 0.03864583333333334 0.12212962962962963
