0 0.7055104166666666 0.6183981481481482 0.03984375 0.12412962962962963
0 0.03565104166666667 0.14806481481481482 0.02015625 0.07731481481481481
0 0.7249869791666668 0.33608333333333335 0.022421874999999997 0.08861111111111111
0 0.24884895833333334 0.5167916666666666 0.03307291666666667 0.11575
0 0.7908880208333333 0.5514537037037037 0.027036458333333332 0.1125
0 0.3026666666666667 0.44099074074074074 0.029166666666666667 0.1087962962962963
0 0.5403333333333333 0.3439351851851852 0.020729166666666667 0.08481481481481482
0 0.721015625 0.2503518518518518 0.03140625 0.07962962962962963
0 0.6779322916666667 0.18761574074074075 0.019479166666666665 0.0763425925925926
0 0.18506510416666666 0.5945925925925926 0.032046875 0.1259259259259259
0 0.29684375 0.5975416666666666 0.025104166666666667 0.11517592592592593
0 0.2731458333333333 0.4934074074074074 0.03260416666666667 0.10972222222222222
0 0.6983072916666667 0.36492592592592593 0.03229166666666667 0.09157407407407409
