0 0.2451171875 0.493287037037037 0.025807291666666666 0.1100925925925926
0 0.6990677083333333 0.2015185185185185 0.015677083333333335 0.07824074074074074
0 0.5329192708333333 0.9741851851851853 0.027557291666666664 0.05162962962962963
0 0.2853541666666667 0.5835925925925926 0.03598958333333333 0.11666666666666667
0 0.29278125000000005 0.4415925925925926 0.026770833333333334 0.10546296296296297
0 0.19317447916666666 0.1672037037037037 0.019994791666666668 0.07972222222222222
0 0.5136328124999999 0.9971296296296295 0.0037760416666666667 0.005740740740740741
0 0.6927604166666667 0.2636388888888889 0.019010416666666665 0.08287037037037037
0 0.2323307291666667 0.5378101851851852 0.004140625 0.008268518518518519
0 0.23483072916666667 0.476962962962963 0.0031510416666666666 0.013425925925925926
0 0.22898437500000002 0.49923148148148155 0.04125 0.12129629629629629
0 0.17823958333333334 0.5740370370370371 0.026145833333333333 0.11842592592592593
0 0.6945781249999999 0.6090555555555556 0.03578125 0.13472222222222222
0 0.5813020833333333 0.33496296296296296 0.03828125 0.07777777777777778
0 0.6879062499999999 0.3557222222222222 0.04192708333333333 0.08833333333333333
0 0.8472239583333334 0.5496574074074074 0.02755208333333333 0.12250000000000001
0 0.7204583333333334 0.3398796296296297 0.028281249999999997 0.08027777777777778
