0 0.19058333333333335 0.4685833333333334 0.017708333333333333 0.1112962962962963
0 0.6710156250000001 0.555425925925926 0.017604166666666664 0.10907407407407407
0 0.17412760416666667 0.5699444444444444 0.007109375 0.026
0 0.308703125 0.5464212962962963 0.029635416666666668 0.10276851851851851
0 0.1598203125 0.6645416666666667 0.030963541666666667 0.12593518518518518
0 0.1716666666666667 0.5616666666666666 0.0021875 0.009444444444444445
0 0.15822916666666664 0.59 0.019166666666666665 0.08777777777777777
0 0.6295885416666667 0.29842592592592593 0.01609375 0.07787037037037037
0 0.19776562500000003 0.5409074074074074 0.004218749999999999 0.010925925925925926
0 0.2028359375 0.5633055555555556 0.023526041666666667 0.1147962962962963
0 0.164765625 0.5616666666666666 0.024739583333333332 0.11574074074074074
0 0.17322395833333334 0.5085277777777778 0.015156250000000001 0.0850925925925926
0 0.6714322916666667 0.24375925925925926 0.0090625 0.07203703703703704
0 0.7126458333333333 0.2338148148148148 0.017552083333333336 0.07564814814814814
0 0.30922916666666667 0.46323148148148147 0.01296875 0.0887962962962963
0 0.7469427083333333 0.6203981481481481 0.02322916666666667 0.11462962962962962
0 0.244046875 0.5608425925925925 0.029114583333333333 0.11416666666666667
0 0.21635937500000002 0.5872083333333333 0.03057291666666667 0.11121296296296296
0 0.410859375 0.5002962962962962 0.0171875 0.10092592592592593
0 0.25973958333333336 0.5115555555555555 0.019114583333333334 0.10898148148148148
0 0.3142239583333334 0.5204907407407408 0.008697916666666666 0.019537037037037037
0 0.43760937499999997 0.6820648148148148 0.020885416666666667 0.12518518518518518
0 0.14990625 0.6595231481481482 0.0029375 0.021046296296296296
0 0.16686458333333334 0.6549814814814815 0.0049375 0.010333333333333333
0 0.20026041666666666 0.5092592592592593 0.015520833333333334 0.045925925925925926
0 0.6770312500000001 0.23787037037037034 0.008229166666666668 0.07351851851851852
0 0.2174375 0.6130740740740741 0.006166666666666667 0.014222222222222221
0 0.146296875 0.617087962962963 0.02011458333333333 0.12863888888888889
0 0.3306354166666667 0.4386712962962963 0.031197916666666665 0.09745370370370371
0 0.19786458333333334 0.5722314814814815 0.005385416666666667 0.046481481481481485
