0 0.7204375 0.20785185185185187 0.023489583333333335 0.1087037037037037
0 0.06528645833333332 0.3215277777777778 0.023072916666666665 0.13361111111111112
0 0.23111458333333335 0.32911111111111113 0.042395833333333334 0.10768518518518519
0 0.8139739583333333 0.2531111111111111 0.03104166666666667 0.09185185185185185
0 0.6291197916666665 0.8945 0.028947916666666667 0.18105555555555555
0 0.15142187499999998 0.4211111111111111 0.026510416666666665 0.1287962962962963
0 0.8075078125 0.07787037037037037 0.019630208333333333 0.09592592592592591
0 0.45173437499999997 0.3630833333333333 0.030260416666666668 0.11175925925925927
0 0.2391484375 0.38766666666666666 0.018401041666666666 0.060740740740740734
0 0.5567135416666668 0.051444444444444445 0.0275 0.09787037037037037
0 0.6547864583333334 0.5010370370370371 0.04114583333333333 0.14166666666666666
0 0.25046875 0.40561111111111114 0.0300625 0.13766666666666666
0 0.5683072916666666 0.2564768518518519 0.022447916666666668 0.1086574074074074
0 0.26494791666666667 0.40335185185185185 0.009645833333333333 0.025
0 0.6984635416666667 0.2933148148148148 0.04307291666666667 0.09574074074074075
0 0.8598750000000001 0.47578703703703706 0.039739583333333335 0.12694444444444444
