0 0.6808307291666666 0.2199398148148148 0.026401041666666666 0.10530555555555556
0 0.8313489583333333 0.474712962962963 0.041875 0.12990740740740742
0 0.03839583333333333 0.3221111111111111 0.023802083333333335 0.1376851851851852
0 0.6175729166666667 0.509074074074074 0.03825 0.1471111111111111
0 0.5434687500000001 0.05028703703703704 0.016666666666666666 0.09722222222222222
0 0.5429010416666668 0.2576203703703704 0.02713541666666667 0.10935185185185185
0 0.23880729166666667 0.32493055555555556 0.029166666666666667 0.10310185185185185
0 0.6187083333333333 0.8780787037037038 0.03730208333333333 0.17560185185185187
0 0.13225 0.4292361111111111 0.02484375 0.1313425925925926
0 0.7975286458333333 0.07847222222222222 0.026505208333333332 0.09740740740740741
0 0.48407291666666663 0.35322222222222216 0.037031249999999995 0.11425925925925927
0 0.7451562500000001 0.27888888888888885 0.029166666666666667 0.09574074074074075
0 0.22336458333333334 0.39052314814814815 0.028489583333333336 0.06736111111111111
0 0.24686979166666667 0.41000925925925924 0.04276041666666666 0.13796296296296295
0 0.6575755208333333 0.29800925925925925 0.037453125 0.09935185185185184
