0 0.5006302083333334 0.253037037037037 0.03057291666666667 0.10629629629629629
0 0.0027708333333333335 0.26602314814814815 0.005541666666666667 0.023694444444444445
0 0.550171875 0.5153796296296297 0.029270833333333336 0.14574074074074075
0 0.499140625 0.33974074074074073 0.051666666666666666 0.11064814814814815
0 0.7702786458333333 0.08545370370370371 0.029317708333333335 0.09527777777777778
0 0.18555208333333334 0.3894814814814815 0.04244791666666667 0.0725
0 0.5051614583333334 0.049115740740740745 0.02015625 0.09519444444444444
0 0.7990208333333333 0.4718148148148148 0.030520833333333334 0.13787037037037037
0 0.0028229166666666667 0.3405462962962963 0.005645833333333333 0.08183333333333333
0 0.6304479166666667 0.23420833333333332 0.02645833333333333 0.10152777777777779
0 0.6683333333333333 0.306962962962963 0.04703125 0.1112037037037037
0 0.23265364583333337 0.3243796296296297 0.024453125000000003 0.11222222222222222
0 0.606796875 0.85875 0.03494791666666666 0.17083333333333334
0 0.6340625000000001 0.31120370370370365 0.05 0.09425925925925925
0 0.10346875000000001 0.4362407407407407 0.026875 0.13555555555555557
0 0.22251041666666668 0.4096851851851852 0.03239583333333333 0.13435185185185183
