0 0.6282786458333334 0.3188611111111111 0.03663020833333333 0.10855555555555554
0 0.6076171875 0.3081111111111111 0.041703124999999994 0.08472222222222223
0 0.7852864583333333 0.46948611111111105 0.034375 0.13580555555555554
0 0.0931484375 0.4382083333333333 0.027536458333333333 0.13184259259259257
0 0.6079244791666667 0.28791666666666665 0.002932291666666667 0.007777777777777778
0 0.49545052083333335 0.049874999999999996 0.015265625 0.09449074074074074
0 0.21188020833333335 0.3575925925925926 0.0013541666666666667 0.005
0 0.2329140625 0.32833333333333337 0.024276041666666668 0.11733333333333333
0 0.6176145833333333 0.22746296296296298 0.023489583333333335 0.0925
0 0.7545755208333332 0.08594444444444443 0.027276041666666664 0.09722222222222222
0 0.5355546875 0.5101944444444444 0.031390625 0.14764814814814817
0 0.2130390625 0.41028703703703706 0.040140625 0.13231481481481483
0 0.17836458333333333 0.3882361111111111 0.030677083333333334 0.07925
0 0.5030781249999999 0.33965740740740746 0.024 0.11233333333333333
0 0.6261093750000001 0.34155555555555556 0.0046875 0.028833333333333332
0 0.48536979166666666 0.2538842592592592 0.02645833333333333 0.10476851851851852
0 0.6053671875000001 0.8439768518518518 0.04531770833333334 0.17719444444444446
