0 0.5896041666666666 0.2994027777777778 0.028593749999999998 0.058750000000000004
0 0.5974765625 0.3448981481481482 0.03136979166666667 0.10337037037037038
0 0.6108489583333333 0.34737962962962965 0.008145833333333333 0.027407407407407408
0 0.2671354166666667 0.33031481481481484 0.0315 0.12053703703703704
0 0.7644583333333334 0.09111574074074075 0.030229166666666665 0.09386111111111112
0 0.170953125 0.3701388888888889 0.04822916666666666 0.10083333333333334
0 0.5237708333333333 0.5143333333333333 0.041937499999999996 0.14735185185185184
0 0.5296458333333334 0.3319722222222222 0.0310625 0.11364814814814814
0 0.6356510416666666 0.8232314814814815 0.03259375 0.17216666666666666
0 0.5837682291666666 0.3422592592592593 0.016140625 0.039314814814814816
0 0.48748437499999997 0.04705092592592593 0.0160625 0.09232407407407407
0 0.6127838541666667 0.24838888888888888 0.024765625 0.11209259259259259
0 0.21888541666666667 0.4161944444444445 0.030875 0.13211111111111112
0 0.7831145833333334 0.4699074074074074 0.0348125 0.13411111111111113
0 0.095734375 0.4466388888888889 0.02475 0.13612962962962963
0 0.47135937499999997 0.2676111111111111 0.024625 0.08811111111111111
