0 0.5850651041666666 0.31493055555555555 0.032546875 0.09013888888888888
0 0.5126666666666666 0.04742592592592593 0.023187500000000003 0.09166666666666666
0 0.583484375 0.3626574074074074 0.046260416666666665 0.09981481481481481
0 0.12434375 0.4547731481481481 0.02371875 0.13428703703703704
0 0.636015625 0.25666203703703705 0.025125 0.11360185185185186
0 0.8290104166666666 0.48096759259259253 0.04677083333333333 0.12721296296296294
0 0.33509375 0.33419444444444446 0.0424375 0.11344444444444444
0 0.7927994791666666 0.09168981481481482 0.02558854166666667 0.09808333333333334
0 0.5583906249999999 0.319212962962963 0.02903125 0.09288888888888888
0 0.5264322916666667 0.5121574074074075 0.04282291666666667 0.1472037037037037
0 0.5785833333333333 0.37118981481481483 0.0051041666666666674 0.00650925925925926
0 0.467203125 0.27941666666666665 0.028645833333333332 0.09037037037037036
0 0.2583255208333333 0.42967129629629625 0.05041145833333334 0.11313888888888889
0 0.6817421874999999 0.8127685185185185 0.038890625 0.16712962962962963
0 0.21390625 0.3543425925925926 0.024677083333333336 0.11787037037037036
