0 0.6413567708333333 0.3698148148148148 0.004682291666666667 0.013999999999999999
0 0.23209114583333335 0.47025925925925927 0.027619791666666667 0.12003703703703703
0 0.7455885416666667 0.2747453703703704 0.028354166666666666 0.11252777777777778
0 0.9271666666666667 0.49379166666666663 0.03804166666666667 0.11800925925925926
0 0.7779427083333332 0.8074166666666667 0.054218749999999996 0.1707962962962963
0 0.6495 0.3411342592592592 0.04527083333333334 0.1110462962962963
0 0.6246041666666666 0.5188148148148148 0.04091666666666667 0.1490925925925926
0 0.6505624999999999 0.35758796296296297 0.010489583333333333 0.014675925925925926
0 0.08594270833333334 0.36822685185185183 0.03804166666666667 0.0781574074074074
0 0.6219140624999999 0.31963425925925926 0.04500520833333333 0.07660185185185185
0 0.3427161458333333 0.36569907407407404 0.02958854166666667 0.10743518518518519
0 0.6176328125 0.37942129629629634 0.047609374999999995 0.10447222222222222
0 0.46421874999999996 0.3463981481481481 0.029354166666666667 0.11577777777777779
0 0.42293749999999997 0.41944444444444445 0.04219791666666666 0.11096296296296297
0 0.6255416666666667 0.05398148148148148 0.01640625 0.0901111111111111
0 0.8983255208333334 0.10537962962962963 0.03268229166666667 0.08748148148148148
0 0.5354739583333334 0.30157407407407405 0.031781250000000004 0.09574074074074075
