0 0.8583489583333334 0.7294768518518518 0.04423958333333333 0.14678703703703705
0 0.5192083333333334 0.3306527777777778 0.0284375 0.11008333333333334
0 0.5700520833333333 0.30207407407407405 0.024822916666666663 0.06601851851851852
0 0.9962890625 0.09297685185185184 0.007421875 0.05910185185185185
0 0.5974739583333334 0.37424999999999997 0.03534375 0.07727777777777778
0 0.7824427083333334 0.34985185185185186 0.036885416666666664 0.1192962962962963
0 0.9926510416666666 0.5238564814814815 0.014666666666666666 0.07215740740740742
0 0.562390625 0.355962962962963 0.004864583333333334 0.010722222222222222
0 0.9172604166666667 0.31039814814814815 0.0233125 0.11744444444444445
0 0.34305468749999996 0.4301296296296296 0.039901041666666665 0.11707407407407407
0 0.5786901041666667 0.2977314814814815 0.012328125 0.08127777777777778
0 0.5681067708333333 0.3735648148148148 0.034828125 0.11375925925925925
0 0.7322161458333334 0.5117314814814815 0.05677604166666667 0.1501296296296296
0 0.21305208333333336 0.35402314814814817 0.035250000000000004 0.11534259259259258
0 0.46925781250000004 0.3430694444444444 0.02528645833333333 0.1113611111111111
0 0.77728125 0.03825925925925926 0.018395833333333333 0.07651851851851851
