0 0.6038359375 0.9662222222222222 0.025359375 0.06755555555555555
0 0.49920833333333337 0.35903703703703704 0.025416666666666664 0.08203703703703703
0 0.28130208333333334 0.6222314814814814 0.03679166666666667 0.10657407407407407
0 0.92728125 0.9856851851851851 0.017812500000000002 0.02862962962962963
0 0.8280026041666667 0.8688564814814815 0.030598958333333332 0.13578703703703704
0 0.327765625 0.8419907407407408 0.02340625 0.13442592592592592
0 0.4474166666666667 0.28780555555555554 0.02822916666666667 0.06759259259259259
0 0.4985 0.46187962962962964 0.041875 0.0875
0 0.009049479166666667 0.5603425925925926 0.018098958333333335 0.08933333333333333
0 0.18115104166666668 0.5513703703703704 0.03313541666666667 0.11225925925925925
0 0.6627057291666667 0.6223564814814815 0.037182291666666666 0.12099074074074073
0 0.09429687499999999 0.8457314814814816 0.03395833333333333 0.1600925925925926
0 0.5849739583333332 0.45740740740740743 0.030312500000000003 0.09305555555555556
