0 0.7085260416666668 0.23403703703703702 0.01942708333333333 0.07916666666666666
0 0.6418541666666667 0.29997222222222225 0.01609375 0.07731481481481481
0 0.3138203125 0.47947222222222213 0.001421875 0.006796296296296296
0 0.14786979166666667 0.6508796296296295 0.007875 0.028574074074074075
0 0.468328125 0.46590740740740744 0.019187500000000003 0.09788888888888889
0 0.16879687499999999 0.4896203703703703 0.01140625 0.047870370370370376
0 0.12997395833333333 0.6665648148148148 0.002958333333333333 0.007962962962962963
0 0.1269921875 0.6363148148148149 0.005255208333333333 0.07033333333333333
0 0.25521354166666665 0.5139212962962962 0.021374999999999998 0.1023425925925926
0 0.17016145833333332 0.5797962962962963 0.005885416666666667 0.008185185185185184
0 0.3236041666666667 0.43776388888888884 0.022510416666666665 0.09715740740740741
0 0.6982916666666665 0.2388935185185185 0.012083333333333333 0.07121296296296296
0 0.12647135416666666 0.5562685185185186 0.01797395833333333 0.11522222222222223
0 0.2137135416666667 0.6101018518518518 0.006875 0.013962962962962963
0 0.1305625 0.6028148148148148 0.0014062500000000002 0.016481481481481482
0 0.23547135416666667 0.5579861111111111 0.022505208333333335 0.11334259259259259
0 0.3088385416666667 0.5244398148148148 0.007020833333333334 0.0073981481481481485
0 0.3021927083333333 0.5415416666666667 0.023614583333333335 0.10773148148148147
0 0.212375 0.5862499999999999 0.031177083333333334 0.11085185185185185
0 0.31414062500000006 0.5266759259259258 0.0017604166666666666 0.0033333333333333335
0 0.09869791666666666 0.6778518518518519 0.0386875 0.12733333333333335
0 0.13915104166666664 0.6167037037037036 0.0289375 0.12711111111111112
0 0.4509973958333333 0.706013888888889 0.023942708333333333 0.12880555555555556
0 0.7940625 0.6323425925925926 0.025625000000000002 0.11750000000000001
0 0.3107083333333333 0.4677453703703704 0.016197916666666666 0.09639814814814815
0 0.13291927083333335 0.5721111111111111 0.012526041666666666 0.040962962962962965
0 0.6686380208333333 0.5527175925925927 0.017848958333333335 0.10986111111111112
0 0.6712760416666667 0.24275925925925926 0.011510416666666667 0.07166666666666667
0 0.18489583333333334 0.46806018518518516 0.017249999999999998 0.11087962962962963
0 0.169640625 0.5552870370370371 0.027760416666666666 0.12027777777777779
0 0.19839583333333335 0.5625462962962964 0.023375 0.11522222222222223
