0 0.5149192708333333 0.5159166666666667 0.026776041666666663 0.09946296296296296
0 0.8352604166666667 0.9608009259259259 0.0315 0.07839814814814815
0 0.15682291666666665 0.872462962962963 0.0338125 0.13755555555555557
0 0.758171875 0.9534768518518517 0.03434375 0.0930462962962963
0 0.20232291666666666 0.6472314814814815 0.033854166666666664 0.10444444444444444
0 0.47635677083333333 0.9774351851851851 0.025765625 0.04512962962962963
0 0.4014010416666666 0.394212962962963 0.0295625 0.08266666666666667
0 0.34955729166666666 0.3556944444444445 0.017239583333333332 0.0724074074074074
0 0.5383723958333333 0.4991759259259259 0.033484375000000004 0.09555555555555556
0 0.6161510416666667 0.6037037037037037 0.03421875 0.115
0 0.0564375 0.5844074074074074 0.032125 0.11511111111111111
0 0.36046354166666666 0.39090277777777777 0.0026041666666666665 0.004861111111111111
0 0.7277135416666667 0.839925925925926 0.028874999999999998 0.13977777777777778
