0 0.03808854166666666 0.5145277777777778 0.023 0.11168518518518519
0 0.3017916666666667 0.3590277777777778 0.0309375 0.06733333333333333
0 0.5881015625000001 0.4736388888888889 0.004192708333333334 0.021796296296296296
0 0.5841796875 0.4664629629629629 0.03144270833333333 0.0587037037037037
0 0.10993489583333332 0.7899675925925925 0.039526041666666664 0.1313240740740741
0 0.70678125 0.7073611111111111 0.026770833333333334 0.12027777777777779
0 0.45045572916666665 0.9062546296296298 0.031859375 0.14363888888888887
0 0.578015625 0.4362453703703704 0.025875 0.05402777777777778
0 0.24835677083333332 0.5572962962962963 0.023838541666666668 0.10088888888888889
0 0.6871796875 0.7754305555555556 0.030463541666666667 0.12358333333333334
0 0.3747708333333334 0.36949074074074073 0.028625 0.07033333333333333
0 0.771734375 0.8232268518518518 0.031947916666666666 0.1469351851851852
0 0.9591510416666666 0.4071296296296296 0.020125 0.09777777777777777
0 0.5994479166666667 0.5149027777777778 0.029302083333333333 0.10024999999999999
0 0.5867161458333334 0.5136712962962963 0.006848958333333334 0.021805555555555557
