0 0.09088541666666666 0.4603148148148148 0.03484375 0.0971111111111111
0 0.6886119791666666 0.6399583333333333 0.04215104166666667 0.09652777777777778
0 0.5289583333333333 0.45061111111111113 0.03847916666666666 0.08746296296296295
0 0.349296875 0.3844259259259259 0.0265625 0.08453703703703704
0 0.7739375000000001 0.6961250000000001 0.035729166666666666 0.13487962962962963
0 0.30887500000000007 0.38823611111111106 0.03380208333333334 0.0810462962962963
0 0.15173958333333334 0.7156712962962962 0.02804166666666667 0.1378611111111111
0 0.578640625 0.45755555555555555 0.0328125 0.09566666666666666
0 0.50253125 0.8128796296296297 0.029156249999999998 0.13599999999999998
0 0.7233151041666666 0.6028611111111112 0.026026041666666666 0.1187962962962963
0 0.9307369791666666 0.39691203703703704 0.023432291666666667 0.09545370370370371
0 0.319984375 0.4685740740740741 0.026041666666666668 0.08666666666666666
0 0.6047005208333334 0.4287222222222222 0.027661458333333333 0.08783333333333333
