0 0.7878541666666666 0.45882407407407405 0.03864583333333334 0.10324074074074074
0 0.8478437499999999 0.5841666666666667 0.0274375 0.13255555555555557
0 0.6389583333333334 0.7038888888888889 0.029062499999999998 0.13814814814814813
0 0.19468749999999999 0.4949074074074074 0.02645833333333333 0.11
0 0.5245572916666666 0.4500925925925926 0.025572916666666667 0.11907407407407407
0 0.45553125 0.3933888888888889 0.0209375 0.10677777777777778
0 0.62725 0.472 0.023125 0.11844444444444445
0 0.2041927083333333 0.5297222222222222 0.03505208333333333 0.11981481481481482
0 0.372890625 0.4640277777777778 0.02411458333333333 0.09601851851851852
0 0.9751302083333333 0.38842592592592595 0.038697916666666665 0.10962962962962963
0 0.015609375 0.9683333333333333 0.03121875 0.06333333333333334
0 0.3193489583333333 0.5641666666666666 0.025677083333333333 0.1175925925925926
0 0.687734375 0.43023148148148144 0.02734375 0.10953703703703703
0 0.403203125 0.444537037037037 0.021927083333333333 0.09944444444444445
