0 0.029812500000000002 0.4943981481481482 0.041177083333333336 0.0912037037037037
0 0.7872395833333333 0.4357870370370371 0.024791666666666667 0.10657407407407407
0 0.29291406250000007 0.503337962962963 0.03172395833333333 0.10586111111111111
0 0.5646354166666666 0.3839814814814815 0.027604166666666666 0.09796296296296296
0 0.4995833333333334 0.4582407407407407 0.019791666666666666 0.09518518518518518
0 0.7317447916666667 0.6941203703703704 0.03546875 0.13046296296296298
0 0.527265625 0.44226851851851856 0.017864583333333333 0.0936111111111111
0 0.20769791666666665 0.9397314814814816 0.03309375 0.12053703703703704
0 0.662109375 0.4559722222222222 0.021718750000000002 0.11601851851851852
0 0.8729166666666667 0.4805092592592592 0.03135416666666667 0.10287037037037036
0 0.9402864583333332 0.585324074074074 0.032552083333333336 0.13120370370370368
0 0.7703125 0.48944444444444446 0.021145833333333332 0.11351851851851852
0 0.4399479166666666 0.5417129629629629 0.019583333333333335 0.11212962962962962
0 0.3133489583333333 0.4948657407407407 0.022052083333333337 0.11213888888888889
0 0.0204375 0.6206666666666667 0.032927083333333336 0.13653703703703704
