0 0.7899739583333333 0.6812962962962964 0.018593750000000003 0.1290740740740741
0 0.7495937500000001 0.44761111111111107 0.0249375 0.11277777777777777
0 0.50140625 0.5353333333333334 0.0328125 0.108
0 0.5927630208333333 0.43766666666666665 0.023328124999999998 0.09587037037037037
0 0.85734375 0.5026851851851851 0.029166666666666667 0.11574074074074074
0 0.34330729166666674 0.4585648148148148 0.02703125 0.0936111111111111
0 0.313046875 0.9208842592592593 0.03345833333333333 0.15823148148148147
0 0.17816145833333333 0.4245462962962963 0.040239583333333336 0.09464814814814815
0 0.26927083333333335 0.44668518518518513 0.021249999999999998 0.09564814814814815
0 0.010927083333333334 0.9547129629629629 0.021854166666666668 0.09057407407407407
0 0.924875 0.48905555555555563 0.037000000000000005 0.10744444444444445
0 0.6195572916666666 0.3715740740740741 0.02265625 0.1
0 0.112125 0.5968518518518519 0.031677083333333335 0.132
0 0.3804427083333334 0.49212962962962964 0.02109375 0.1151851851851852
0 0.5650130208333334 0.45413425925925927 0.025421875 0.09706481481481481
0 0.8445052083333332 0.4317592592592593 0.03109375 0.10203703703703704
