0 0.5774635416666667 0.5900694444444445 0.031125 0.1209351851851852
0 0.6855625 0.36927777777777776 0.019125 0.09544444444444444
0 0.886875 0.32716666666666666 0.03075 0.08900000000000001
0 0.858203125 0.4179166666666667 0.03359375 0.1000925925925926
0 0.7602083333333334 0.2845833333333333 0.02020833333333333 0.09157407407407409
0 0.5056875 0.36038888888888887 0.0175 0.0961111111111111
0 0.38375 0.33592592592592596 0.0375 0.09296296296296297
0 0.10209635416666667 0.8458055555555556 0.041578125 0.1552962962962963
0 0.31859374999999995 0.3498611111111111 0.0378125 0.09490740740740741
0 0.97121875 0.4410138888888889 0.03698958333333333 0.10032407407407407
0 0.450390625 0.46041666666666664 0.031197916666666665 0.10805555555555556
0 0.1678359375 0.4736527777777778 0.02618229166666667 0.11710185185185185
0 0.8935598958333333 0.9181481481481482 0.03715104166666667 0.1637037037037037
