0 0.6558333333333333 0.3058796296296296 0.02354166666666667 0.08916666666666666
0 0.3575520833333333 0.3141203703703704 0.0165625 0.0937962962962963
0 0.31875 0.33578703703703705 0.03729166666666666 0.0936111111111111
0 0.7541927083333333 0.8806018518518518 0.03598958333333333 0.15787037037037038
0 0.4585416666666667 0.6017592592592592 0.03166666666666666 0.11833333333333333
0 0.9465885416666667 0.4178703703703704 0.03203125 0.11074074074074074
0 0.0026015625 0.4288564814814815 0.005203125 0.02512037037037037
0 0.31161458333333336 0.4448148148148148 0.021458333333333336 0.10166666666666667
0 0.0008932291666666667 0.4677453703703704 0.0017864583333333335 0.01349074074074074
0 0.7685260416666666 0.41731481481481486 0.018093750000000002 0.09740740740740741
0 0.5655312499999999 0.2801666666666667 0.0203125 0.087
0 0.6275625 0.41433333333333333 0.01875 0.09555555555555556
0 0.5299479166666666 0.3615277777777778 0.017916666666666668 0.09657407407407408
0 0.34744791666666663 0.3718981481481482 0.018020833333333333 0.09972222222222223
0 0.8697135416666666 0.6733796296296296 0.030052083333333333 0.13212962962962962
