0 0.15125 0.5821759259259259 0.0036458333333333334 0.0032407407407407406
0 0.15091145833333333 0.4997222222222223 0.01328125 0.05925925925925926
0 0.47096354166666665 0.7218518518518517 0.024947916666666667 0.13296296296296295
0 0.15085937500000002 0.5414351851851852 0.0021354166666666665 0.0062037037037037035
0 0.18385416666666668 0.557962962962963 0.025833333333333333 0.11592592592592593
0 0.5143229166666666 0.43 0.027291666666666665 0.08370370370370371
0 0.12930729166666668 0.5953703703703703 0.007291666666666667 0.011944444444444445
0 0.115859375 0.6319907407407407 0.01973958333333333 0.07694444444444444
0 0.677265625 0.29208333333333336 0.028489583333333336 0.060833333333333336
0 0.31359375 0.4691666666666667 0.026770833333333334 0.10462962962962963
0 0.7026145833333334 0.23524537037037035 0.018666666666666668 0.07530555555555556
0 0.7290625 0.2528703703703704 0.017916666666666668 0.0651851851851852
0 0.12419270833333333 0.5724537037037037 0.01390625 0.04472222222222222
0 0.10978125 0.5540555555555555 0.0270625 0.113
0 0.24341145833333336 0.5004166666666667 0.01953125 0.1125
0 0.32794270833333333 0.4378240740740741 0.01932291666666667 0.0936111111111111
0 0.2128125 0.5850000000000001 0.0022916666666666667 0.010555555555555556
0 0.12669270833333332 0.6481018518518519 0.010677083333333334 0.027685185185185184
0 0.6483854166666666 0.565787037037037 0.022500000000000003 0.10953703703703703
0 0.18364583333333334 0.4550925925925926 0.016145833333333335 0.10944444444444444
0 0.0368046875 0.6784074074074073 0.031578125 0.1305740740740741
0 0.20276041666666667 0.5845833333333333 0.025833333333333333 0.11064814814814815
0 0.12981770833333334 0.6126851851851852 0.03484375 0.12148148148148147
0 0.7806901041666666 0.6278935185185185 0.021328125 0.11695370370370371
0 0.21182291666666667 0.5521296296296296 0.04291666666666667 0.10462962962962963
0 0.14484375000000002 0.5542129629629631 0.017812500000000002 0.12009259259259258
0 0.27585937499999996 0.5393981481481481 0.023489583333333335 0.1050925925925926
0 0.6487760416666667 0.24379629629629632 0.018489583333333334 0.06037037037037037
