0 0.6750520833333334 0.4028703703703703 0.019166666666666665 0.09574074074074075
0 0.4964635416666667 0.41353240740740743 0.020177083333333335 0.10039814814814815
0 0.464 0.26583333333333337 0.02375 0.08588888888888889
0 0.34091145833333336 0.32337962962962963 0.024947916666666667 0.09416666666666666
0 0.26111979166666666 0.44754629629629633 0.03411458333333333 0.10712962962962963
0 0.53528125 0.2962777777777778 0.022312500000000002 0.08344444444444445
0 0.242578125 0.37675925925925924 0.02255208333333333 0.09851851851851852
0 0.40307291666666667 0.6053240740740741 0.030104166666666664 0.1212037037037037
0 0.76953125 0.6626111111111112 0.0209375 0.13033333333333333
0 0.6916197916666665 0.8628101851851853 0.03655208333333334 0.15706481481481482
0 0.35223958333333333 0.2994444444444444 0.01875 0.08962962962962963
0 0.8729687500000001 0.41236111111111107 0.026770833333333334 0.10675925925925926
0 0.931875 0.5521111111111111 0.02725 0.12755555555555556
0 0.44046875 0.3661111111111111 0.024166666666666666 0.09574074074074075
