0 0.40718750000000004 0.2647685185185185 0.029270833333333336 0.07101851851851852
0 0.38697916666666665 0.6119907407407408 0.023854166666666666 0.12546296296296297
0 0.36169270833333333 0.37537037037037035 0.01796875 0.09722222222222222
0 0.35940104166666664 0.324212962962963 0.010572916666666666 0.023240740740740742
0 0.36520312499999996 0.33074537037037033 0.00459375 0.013342592592592593
0 0.15778645833333332 0.37875 0.026510416666666665 0.10212962962962963
0 0.6664973958333333 0.859837962962963 0.036119791666666665 0.15299074074074073
0 0.8614583333333333 0.4189351851851852 0.017291666666666667 0.11287037037037037
0 0.491953125 0.28629629629629627 0.038802083333333334 0.0824074074074074
0 0.3609375 0.3039351851851852 0.027291666666666665 0.09046296296296297
0 0.98953125 0.5014444444444444 0.0209375 0.12844444444444444
0 0.25080729166666665 0.45106481481481486 0.01609375 0.11175925925925927
0 0.62921875 0.3946296296296296 0.019479166666666665 0.09962962962962962
0 0.7026171875 0.6675277777777778 0.025817708333333335 0.1348888888888889
0 0.3741145833333333 0.2917592592592593 0.021354166666666667 0.06814814814814814
0 0.9076822916666667 0.5557407407407408 0.030677083333333334 0.1262962962962963
0 0.42734375 0.4096296296296297 0.0253125 0.09222222222222222
