0 0.86696875 0.4213888888888889 0.0200625 0.1098888888888889
0 0.35220052083333336 0.3804675925925926 0.03165104166666667 0.09613888888888888
0 0.1495989583333333 0.3823009259259259 0.026322916666666665 0.09962037037037037
0 0.3884244791666667 0.6170648148148149 0.030151041666666666 0.12399999999999999
0 0.39703125 0.2650925925925926 0.02333333333333333 0.0787037037037037
0 0.90875 0.5551111111111111 0.025875 0.12488888888888888
0 0.6967291666666667 0.6712731481481482 0.02721875 0.13171296296296298
0 0.2557213541666667 0.45613425925925927 0.030078125 0.11043518518518518
0 0.6255937500000001 0.39655555555555555 0.0208125 0.0971111111111111
0 0.3803125 0.30425925925925923 0.022500000000000003 0.08648148148148149
0 0.9912500000000001 0.5054027777777778 0.0175 0.12893518518518518
0 0.6660755208333333 0.8566111111111111 0.029338541666666666 0.15296296296296294
0 0.4265 0.41133333333333333 0.019625 0.0971111111111111
0 0.36945833333333333 0.3039351851851852 0.035562500000000004 0.09601851851851852
0 0.48393749999999996 0.2856666666666666 0.03442708333333333 0.07907407407407407
