0 0.8787682291666667 0.43612962962962964 0.027432291666666667 0.1112962962962963
0 0.9170833333333334 0.5684722222222222 0.025614583333333333 0.1289814814814815
0 0.382625 0.257875 0.012604166666666666 0.04426851851851852
0 0.2765885416666667 0.46426851851851847 0.018958333333333334 0.11
0 0.38945833333333335 0.3044027777777778 0.0051875 0.030083333333333333
0 0.3344479166666667 0.3930185185185185 0.021510416666666664 0.09768518518518518
0 0.623203125 0.402037037037037 0.021145833333333332 0.09453703703703703
0 0.6836145833333335 0.6775185185185185 0.02671875 0.13027777777777777
0 0.13421875 0.38629629629629636 0.02875 0.09925925925925926
0 0.4541510416666667 0.294537037037037 0.022135416666666668 0.08731481481481482
0 0.4342708333333334 0.4114259259259259 0.02625 0.09981481481481481
0 0.40021354166666673 0.6264074074074074 0.030677083333333334 0.1238888888888889
0 0.6753984375000001 0.8530925925925926 0.030484375 0.1526851851851852
0 0.43120312499999996 0.31425925925925924 0.026989583333333334 0.09518518518518518
0 0.38043229166666664 0.30889814814814814 0.029947916666666668 0.09481481481481482
0 0.9977135416666666 0.50575 0.004479166666666667 0.008981481481481481
