0 0.446046875 0.33285185185185184 0.007072916666666667 0.009777777777777778
0 0.6803125 0.6795648148148148 0.034791666666666665 0.1297222222222222
0 0.4428125 0.31310185185185185 0.038125 0.08972222222222223
0 0.6770989583333334 0.851212962962963 0.029062499999999998 0.15731481481481482
0 0.44883854166666665 0.2774351851851852 0.012864583333333334 0.05605555555555555
0 0.40234895833333334 0.6285 0.03166666666666666 0.12453703703703704
0 0.8831145833333333 0.43805555555555553 0.023177083333333334 0.11055555555555556
0 0.2822135416666667 0.4673796296296296 0.027291666666666665 0.11046296296296296
0 0.44932812499999997 0.3133194444444445 0.00303125 0.015342592592592593
0 0.9188177083333333 0.5696851851851852 0.026093750000000002 0.12685185185185185
0 0.43536458333333333 0.4114351851851852 0.026302083333333334 0.1
0 0.13088541666666667 0.38646296296296295 0.025104166666666667 0.09944444444444445
0 0.6225833333333334 0.4033611111111111 0.0196875 0.09546296296296296
0 0.3872291666666666 0.3202731481481481 0.003958333333333333 0.007620370370370371
0 0.38368749999999996 0.3093333333333333 0.033854166666666664 0.09018518518518519
0 0.33140625 0.39592592592592596 0.028333333333333332 0.09537037037037037
0 0.379875 0.2721342592592592 0.014083333333333333 0.07239814814814814
