0 0.32996354166666664 0.4019814814814815 0.030520833333333334 0.08962962962962963
0 0.134296875 0.39023148148148146 0.025364583333333336 0.1000925925925926
0 0.8992291666666666 0.44335185185185183 0.020885416666666667 0.11296296296296296
0 0.6846770833333333 0.6846898148148147 0.03491666666666667 0.12693518518518518
0 0.29596354166666666 0.47398148148148145 0.03348958333333333 0.10907407407407407
0 0.6941432291666667 0.85025 0.033901041666666666 0.14916666666666667
0 0.6273177083333333 0.40444444444444444 0.02140625 0.09675925925925925
0 0.41696874999999994 0.6308796296296296 0.026979166666666665 0.12064814814814816
0 0.44088802083333334 0.29504629629629625 0.025255208333333334 0.08637037037037038
0 0.47433333333333333 0.32285185185185183 0.025520833333333333 0.08712962962962963
0 0.3802916666666667 0.2838055555555556 0.024687499999999998 0.0862962962962963
0 0.9306848958333334 0.57425 0.026682291666666667 0.125
0 0.44268229166666667 0.41278703703703706 0.01875 0.09268518518518518
0 0.40508333333333335 0.3129259259259259 0.021145833333333332 0.08972222222222223
