0 0.34579166666666666 0.39920370370370367 0.03505208333333333 0.09194444444444444
0 0.9683854166666668 0.579324074074074 0.02723958333333333 0.12481481481481482
0 0.5319817708333334 0.32935185185185184 0.036671875 0.08416666666666667
0 0.462515625 0.6322407407407408 0.03190625 0.11962962962962961
0 0.6535234375 0.4038333333333334 0.022359375 0.09092592592592592
0 0.7001041666666666 0.6863148148148147 0.028385416666666666 0.12833333333333333
0 0.4062864583333333 0.2876944444444444 0.02059375 0.08185185185185186
0 0.4728333333333333 0.40823148148148153 0.0230625 0.09231481481481482
0 0.3444427083333333 0.4364259259259259 0.005239583333333334 0.016796296296296295
0 0.46834895833333334 0.2968240740740741 0.0271875 0.08598148148148148
0 0.4428932291666666 0.31557407407407406 0.027651041666666668 0.08109259259259259
0 0.34091145833333336 0.4717777777777778 0.02015625 0.1112037037037037
0 0.7314322916666666 0.8418749999999999 0.03046875 0.1584351851851852
0 0.9380729166666666 0.4480092592592592 0.026145833333333333 0.11138888888888888
0 0.15996354166666665 0.38846296296296295 0.027708333333333335 0.0913888888888889
