0 0.5050390625000001 0.33773148148148147 0.004140625 0.004351851851851852
0 0.5227239583333333 0.40034722222222224 0.026979166666666665 0.08987962962962963
0 0.21614583333333334 0.3823611111111111 0.021458333333333336 0.0875
0 0.5323229166666666 0.6341111111111112 0.02375 0.12212962962962963
0 0.418390625 0.46905555555555556 0.028072916666666666 0.10768518518518519
0 0.7486718749999999 0.6879722222222222 0.0396875 0.12796296296296295
0 0.5214765625 0.2969907407407407 0.014744791666666666 0.08555555555555557
0 0.8013411458333334 0.8272314814814814 0.029244791666666665 0.1555740740740741
0 0.7020104166666666 0.39832407407407405 0.0203125 0.09055555555555556
0 0.9928125 0.47600462962962964 0.014375 0.05237962962962963
0 0.512296875 0.31492592592592594 0.02625 0.087
0 0.44496875 0.28552777777777777 0.02666666666666667 0.07824074074074074
0 0.9954427083333334 0.4201018518518519 0.009114583333333334 0.051944444444444446
0 0.6023072916666667 0.3197129629629629 0.033052083333333336 0.08092592592592593
0 0.37845052083333336 0.39718518518518514 0.030255208333333335 0.09527777777777778
