0 0.7793958333333333 0.6922314814814815 0.038385416666666665 0.13046296296296298
0 0.5915156249999999 0.6425370370370371 0.021718750000000002 0.12268518518518519
0 0.03802083333333333 0.9329583333333333 0.042604166666666665 0.13408333333333333
0 0.5516927083333333 0.339537037037037 0.0040104166666666665 0.00814814814814815
0 0.46236979166666664 0.2846574074074074 0.015416666666666667 0.08388888888888889
0 0.558953125 0.3175277777777778 0.019270833333333334 0.08833333333333333
0 0.7273593750000001 0.39352777777777775 0.0259375 0.0925
0 0.5481822916666667 0.39194444444444443 0.02546875 0.08601851851851852
0 0.8635156249999999 0.8086574074074074 0.03057291666666667 0.15583333333333335
0 0.3869166666666667 0.3927777777777778 0.028489583333333336 0.09407407407407407
0 0.6310729166666665 0.30876851851851855 0.03520833333333333 0.08351851851851852
0 0.5578359375 0.3334861111111111 0.004328125 0.01136111111111111
0 0.48773437499999994 0.4646574074074074 0.028177083333333335 0.10787037037037037
0 0.5585364583333333 0.28170370370370373 0.015416666666666667 0.05462962962962963
0 0.5451796874999999 0.28658796296296296 0.009005208333333332 0.02052777777777778
0 0.2513125 0.3900740740740741 0.026614583333333334 0.08101851851851852
