0 0.5121197916666668 0.45941666666666664 0.028072916666666666 0.10490740740740741
0 0.38315625 0.38587037037037036 0.02411458333333333 0.09509259259259259
0 0.468796875 0.28258333333333335 0.026041666666666668 0.08425925925925926
0 0.8854687499999999 0.79525 0.029427083333333333 0.1462037037037037
0 0.6117578125 0.6409351851851851 0.020619791666666668 0.1201851851851852
0 0.7310104166666667 0.3904259259259259 0.021666666666666667 0.08918518518518517
0 0.048901041666666666 0.9349444444444445 0.030520833333333334 0.13011111111111112
0 0.5510625 0.38562962962962966 0.028125 0.09046296296296297
0 0.628234375 0.3067962962962963 0.023697916666666666 0.07777777777777778
0 0.571234375 0.3078796296296296 0.024010416666666666 0.10681481481481482
0 0.263296875 0.39087037037037037 0.03921875 0.08194444444444444
0 0.7814374999999999 0.6893842592592593 0.03135416666666667 0.13173148148148148
0 0.573640625 0.3192083333333333 0.028281249999999997 0.0841574074074074
