0 0.2963802083333333 0.46314814814814814 0.026302083333333334 0.10462962962962963
0 0.011947916666666667 0.6683194444444445 0.023895833333333335 0.1283240740740741
0 0.6229479166666666 0.5541018518518518 0.0234375 0.10425925925925926
0 0.3244140625 0.4376111111111111 0.03434895833333333 0.08416666666666667
0 0.16580729166666666 0.5473009259259259 0.0275 0.10836111111111112
0 0.756109375 0.6219953703703703 0.02840625 0.1104537037037037
0 0.21321614583333334 0.5351851851851852 0.003828125 0.008333333333333333
0 0.163171875 0.44489814814814815 0.018125 0.10657407407407407
0 0.1286796875 0.5278194444444444 0.025838541666666666 0.07752777777777778
0 0.10396354166666667 0.5447777777777778 0.021927083333333333 0.11138888888888888
0 0.2508333333333333 0.5322685185185185 0.024166666666666666 0.09953703703703703
0 0.12409374999999999 0.5996944444444444 0.022604166666666665 0.12787037037037036
0 0.107140625 0.6033425925925925 0.03609375 0.11722222222222221
0 0.2262447916666667 0.4935185185185185 0.022239583333333333 0.11064814814814815
0 0.19239583333333335 0.576574074074074 0.021979166666666668 0.10888888888888888
0 0.675265625 0.2887962962962963 0.027083333333333334 0.0587962962962963
0 0.6276458333333333 0.2426851851851852 0.01703125 0.06425925925925927
0 0.5199401041666667 0.4137777777777778 0.021046875 0.07935185185185185
0 0.44176041666666666 0.7071203703703705 0.029322916666666664 0.12444444444444445
0 0.19710937500000003 0.5440277777777778 0.0459375 0.10324074074074074
0 0.13159895833333332 0.5064629629629629 0.0017708333333333332 0.007037037037037037
0 0.12709374999999998 0.5001203703703704 0.019114583333333334 0.05583333333333333
0 0.7153489583333333 0.2534722222222222 0.0184375 0.06861111111111111
0 0.6796197916666666 0.23277777777777778 0.028927083333333332 0.06407407407407407
