0 0.5989843750000001 0.3092407407407407 0.02203125 0.08685185185185185
0 0.023723958333333333 0.46238425925925924 0.025260416666666667 0.11856481481481483
0 0.5712447916666666 0.44987962962962963 0.021979166666666668 0.10777777777777778
0 0.6395572916666666 0.29303703703703704 0.028697916666666667 0.0824074074074074
0 0.09066666666666667 0.9296851851851852 0.03895833333333333 0.14062962962962963
0 0.9379895833333334 0.7678611111111112 0.03225 0.14275925925925925
0 0.5664322916666666 0.3708611111111111 0.027083333333333334 0.08601851851851852
0 0.6137760416666665 0.2892222222222222 0.017552083333333336 0.08805555555555555
0 0.4884765625 0.27092129629629624 0.024005208333333337 0.08591666666666667
0 0.2753776041666667 0.3780925925925926 0.02609895833333333 0.09333333333333334
0 0.6519010416666666 0.6381574074074075 0.023489583333333335 0.11916666666666666
0 0.8168697916666667 0.6793240740740741 0.0345625 0.12866666666666668
0 0.39267187500000006 0.3786203703703704 0.03135416666666667 0.09185185185185185
0 0.7531822916666666 0.3783425925925926 0.018281250000000002 0.08787037037037038
