0 0.04463541666666667 0.45640740740740743 0.032864583333333336 0.11805555555555555
0 0.9619479166666666 0.7564722222222222 0.03135416666666667 0.15231481481481482
0 0.6504166666666666 0.28592592592592586 0.028958333333333332 0.08777777777777777
0 0.6346640625000001 0.284537037037037 0.01708854166666667 0.09148148148148148
0 0.2874739583333333 0.3750925925925926 0.024010416666666666 0.09074074074074075
0 0.5800260416666667 0.36775 0.016354166666666666 0.08481481481481482
0 0.6714114583333333 0.6328888888888888 0.024583333333333336 0.11722222222222221
0 0.5002239583333333 0.2668055555555555 0.016510416666666666 0.08277777777777778
0 0.8346458333333333 0.6740277777777777 0.024583333333333336 0.12944444444444445
0 0.6181510416666666 0.3068518518518518 0.02666666666666667 0.08416666666666667
0 0.7668697916666666 0.3721203703703704 0.022500000000000003 0.08944444444444444
0 0.5966145833333333 0.44513888888888886 0.027291666666666665 0.10657407407407407
0 0.40632291666666664 0.37328240740740737 0.017708333333333333 0.0904537037037037
0 0.11420833333333333 0.93125 0.04635416666666667 0.1375
