0 0.14169270833333333 0.932226851851852 0.04033333333333333 0.13554629629629628
0 0.6700234374999999 0.26407870370370373 0.013692708333333333 0.06428703703703705
0 0.5198385416666667 0.25769444444444445 0.026041666666666668 0.08583333333333333
0 0.988046875 0.7452592592592593 0.02390625 0.14240740740740743
0 0.6420937500000001 0.3012870370370371 0.02075 0.08351851851851852
0 0.6248958333333333 0.44121296296296303 0.030000000000000002 0.1062037037037037
0 0.067828125 0.4476064814814815 0.02425 0.11934259259259258
0 0.7899947916666666 0.36818518518518517 0.023958333333333335 0.09018518518518519
0 0.42191666666666666 0.36571296296296296 0.02265625 0.09703703703703703
0 0.6675677083333333 0.2832222222222222 0.021427083333333333 0.08977777777777778
0 0.5991458333333333 0.3580462962962963 0.024739583333333332 0.09046296296296297
0 0.8549427083333333 0.6751527777777778 0.0195 0.13560185185185183
0 0.6679765624999999 0.31205555555555553 0.004140625 0.018333333333333333
0 0.307125 0.3697314814814815 0.027760416666666666 0.09425925925925925
0 0.6950520833333333 0.6318101851851852 0.0375 0.12026851851851851
