0 0.327484375 0.3600925925925926 0.023958333333333335 0.09981481481481481
0 0.16632812500000002 0.9275324074074074 0.03561458333333333 0.1449351851851852
0 0.6562578124999999 0.4352314814814815 0.024161458333333333 0.10546296296296297
0 0.68053125 0.2778703703703704 0.026197916666666664 0.09
0 0.810453125 0.3624537037037037 0.017916666666666668 0.09185185185185185
0 0.5376718749999999 0.2541712962962963 0.02546875 0.08093518518518518
0 0.6616171875 0.2948333333333333 0.019067708333333332 0.08499999999999999
0 0.6949114583333333 0.2745462962962963 0.022010416666666664 0.09194444444444444
0 0.61975 0.3538333333333334 0.025677083333333333 0.09
0 0.08879687500000001 0.4486111111111111 0.02765625 0.11962962962962961
0 0.8762604166666665 0.6748240740740741 0.026375 0.12866666666666668
0 0.4408125 0.3636111111111111 0.023395833333333334 0.09592592592592591
0 0.7204479166666666 0.6319814814814815 0.038072916666666665 0.11805555555555555
