0 0.7112005208333333 0.2785555555555556 0.023921875 0.08733333333333333
0 0.7703802083333333 0.2589537037037037 0.017812500000000002 0.08981481481481482
0 0.7223802083333334 0.28497222222222224 0.009833333333333333 0.04138888888888889
0 0.38759895833333335 0.34266666666666673 0.025625000000000002 0.09694444444444444
0 0.7979583333333333 0.6167407407407407 0.022875 0.11212962962962962
0 0.6818281249999999 0.3399166666666667 0.03395833333333333 0.08972222222222223
0 0.7179296875000001 0.2952222222222222 0.004984375 0.01587037037037037
0 0.7162005208333333 0.23469444444444446 0.020130208333333333 0.0387037037037037
0 0.16667708333333334 0.42489814814814814 0.03171875 0.11981481481481482
0 0.5872291666666667 0.24062037037037037 0.01796875 0.07518518518518519
0 0.24138020833333332 0.9240555555555555 0.03505208333333333 0.15188888888888888
0 0.49333072916666665 0.34673611111111113 0.020765625 0.09547222222222222
0 0.8713307291666668 0.348212962962963 0.023703125 0.093
0 0.7029036458333332 0.24694907407407407 0.0036197916666666666 0.005935185185185186
0 0.7322942708333334 0.42376388888888883 0.027109374999999998 0.10467592592592592
0 0.9313697916666667 0.6465694444444444 0.02625 0.1264351851851852
