0 0.6068645833333334 0.23323148148148148 0.01975 0.07811111111111112
0 0.7675026041666667 0.41485648148148146 0.026057291666666666 0.10432407407407407
0 0.8027734374999999 0.25593055555555555 0.021067708333333334 0.08778703703703704
0 0.7399505208333335 0.27385185185185185 0.0049947916666666665 0.012037037037037037
0 0.8986822916666667 0.34353703703703703 0.022083333333333333 0.09074074074074075
0 0.7237630208333333 0.2815509259259259 0.009348958333333332 0.048546296296296296
0 0.9535911458333334 0.6298101851851853 0.03188020833333333 0.1309537037037037
0 0.20000260416666665 0.41738888888888886 0.026369791666666666 0.11274074074074074
0 0.8255598958333333 0.6171944444444444 0.029869791666666666 0.11877777777777777
0 0.7274036458333334 0.2349074074074074 0.016161458333333333 0.04462962962962963
0 0.016515625 0.2324166666666667 0.030291666666666665 0.09066666666666667
0 0.4162942708333333 0.3341018518518518 0.018630208333333335 0.09527777777777778
0 0.7138802083333334 0.3366111111111111 0.034270833333333334 0.09009259259259259
0 0.7336953125000001 0.27635185185185185 0.021661458333333335 0.09194444444444444
0 0.280171875 0.9238055555555554 0.03003125 0.1523888888888889
0 0.5151822916666666 0.3382777777777778 0.018500000000000003 0.09555555555555556
