0 0.7454583333333333 0.26906481481481487 0.017437499999999998 0.08842592592592592
0 0.22369791666666666 0.4059768518518519 0.021166666666666667 0.11234259259259259
0 0.7328229166666667 0.24915740740740738 0.015625 0.08638888888888889
0 0.6219270833333334 0.22625925925925927 0.021041666666666667 0.07777777777777778
0 0.82803125 0.2499814814814815 0.02354166666666667 0.09
0 0.3053541666666667 0.9212962962962963 0.03432291666666667 0.1574074074074074
0 0.7962994791666667 0.40775925925925927 0.021765625 0.10398148148148148
0 0.015072916666666667 0.5203842592592592 0.030145833333333334 0.10534259259259258
0 0.9639479166666668 0.6121574074074074 0.033229166666666664 0.12407407407407407
0 0.04263541666666667 0.22193518518518518 0.027979166666666666 0.09009259259259259
0 0.5326640625 0.33162962962962966 0.026369791666666666 0.09327777777777778
0 0.9204609375 0.3376851851851852 0.019671875000000002 0.09425925925925925
0 0.43272916666666666 0.3259583333333333 0.025625000000000002 0.09376851851851851
0 0.8498072916666666 0.6132083333333334 0.029020833333333333 0.12213888888888888
0 0.7361666666666667 0.33010185185185187 0.026510416666666665 0.09092592592592592
