0 0.9732760416666667 0.5957777777777779 0.033125 0.13166666666666665
0 0.4482708333333333 0.3193611111111111 0.021354166666666667 0.09574074074074075
0 0.057440104166666665 0.21317592592592594 0.024255208333333333 0.09287037037037037
0 0.81540625 0.4054351851851852 0.021197916666666667 0.10805555555555556
0 0.7563281249999999 0.26012962962962966 0.02322916666666667 0.08861111111111111
0 0.7357916666666667 0.24531481481481482 0.021489583333333333 0.09537037037037037
0 0.7515677083333333 0.3229814814814815 0.01973958333333333 0.09064814814814816
0 0.023546875000000002 0.5046805555555556 0.047093750000000004 0.1327685185185185
0 0.2411901041666667 0.3988333333333333 0.020609375 0.11018518518518519
0 0.8483489583333333 0.24212962962962964 0.021458333333333336 0.09083333333333332
0 0.32283333333333336 0.9236435185185186 0.036270833333333335 0.15271296296296297
0 0.631890625 0.21821296296296294 0.018072916666666668 0.0788888888888889
0 0.8704427083333334 0.6132175925925927 0.023125 0.12787962962962965
0 0.9357447916666667 0.3297962962962963 0.021489583333333333 0.0936111111111111
0 0.5460104166666666 0.3241759259259259 0.020104166666666666 0.09324074074074075
