0 0.7360104166666667 0.2400833333333333 0.026510416666666665 0.0912037037037037
0 0.03551041666666666 0.4931018518518518 0.04614583333333333 0.12935185185185183
0 0.8859427083333333 0.6025925925925926 0.02015625 0.12916666666666668
0 0.45759374999999997 0.31000925925925926 0.024010416666666666 0.09601851851851852
0 0.25740625 0.393212962962963 0.02033333333333333 0.10648148148148148
0 0.9516197916666667 0.32451851851851854 0.02734375 0.09407407407407407
0 0.9759322916666666 0.5748611111111112 0.0253125 0.12212962962962963
0 0.8667604166666666 0.23605555555555555 0.019874999999999997 0.09166666666666666
0 0.7559114583333334 0.2583611111111111 0.0215625 0.0912037037037037
0 0.7657968749999999 0.3175648148148148 0.018229166666666668 0.08685185185185185
0 0.3447447916666667 0.9236898148148147 0.0336875 0.15262037037037038
0 0.5559010416666667 0.3149537037037037 0.021979166666666668 0.09481481481481482
0 0.07138020833333333 0.20388888888888887 0.020364583333333335 0.09083333333333332
0 0.6380442708333333 0.21327777777777776 0.016609375 0.08157407407407406
0 0.8329427083333333 0.39681481481481484 0.021197916666666667 0.10907407407407407
