0 0.04015625 0.4874814814814815 0.04552083333333334 0.13120370370370368
0 0.2671875 0.38819444444444445 0.0209375 0.11027777777777777
0 0.8442708333333333 0.38879629629629625 0.022083333333333333 0.10833333333333334
0 0.6399375 0.20736574074074074 0.013802083333333333 0.07899074074074074
0 0.07803125 0.19562037037037036 0.021354166666666667 0.09
0 0.9590078124999999 0.3219722222222222 0.028328125 0.08990740740740741
0 0.7307968749999999 0.23321296296296296 0.03135416666666667 0.09638888888888889
0 0.5592968749999999 0.3093518518518518 0.027083333333333334 0.09333333333333334
0 0.46107291666666667 0.3046435185185185 0.02484375 0.09539814814814815
0 0.7539374999999999 0.25086574074074075 0.021614583333333333 0.09510185185185184
0 0.8942734375 0.5983148148148147 0.018661458333333332 0.13453703703703704
0 0.8753255208333334 0.2320648148148148 0.018776041666666667 0.09188888888888888
0 0.7734739583333333 0.3142314814814815 0.01885416666666667 0.08416666666666667
0 0.9711197916666666 0.5546574074074074 0.0390625 0.12433333333333334
0 0.35769791666666667 0.9260601851851852 0.031302083333333335 0.14787962962962964
