0 0.12833072916666668 0.48241203703703706 0.022421874999999997 0.09160185185185186
0 0.004820312500000001 0.5276111111111111 0.009640625000000002 0.05622222222222222
0 0.07680729166666667 0.5285277777777777 0.011677083333333334 0.021555555555555557
0 0.005494791666666667 0.5707129629629629 0.010989583333333334 0.04048148148148148
0 0.7613177083333333 0.3778009259259259 0.03453125 0.06712037037037037
0 0.06213802083333333 0.5104074074074074 0.027234374999999998 0.09161111111111112
0 0.11334375000000001 0.5056851851851851 0.02432291666666667 0.09268518518518518
0 0.5575104166666666 0.27126851851851846 0.013125 0.06194444444444445
0 0.026526041666666667 0.5022685185185185 0.020874999999999998 0.10298148148148148
0 0.16470833333333335 0.4593981481481481 0.020125 0.08244444444444445
0 0.36848437500000003 0.5060648148148148 0.018489583333333334 0.09074074074074075
0 0.0435 0.5008564814814814 0.022197916666666664 0.09915740740740742
0 0.059859375000000006 0.4831527777777778 0.014270833333333333 0.053731481481481484
0 0.5205625 0.3574444444444444 0.022875 0.07388888888888889
0 0.2671145833333333 0.40425 0.023697916666666666 0.0799074074074074
0 0.2788776041666667 0.6020370370370369 0.028203125 0.10492592592592592
0 0.51509375 0.24553703703703705 0.02396875 0.05818518518518519
0 0.49220312499999996 0.30546296296296294 0.012812500000000001 0.06333333333333334
0 0.0030442708333333333 0.48423611111111114 0.006088541666666667 0.01834259259259259
0 0.43257291666666664 0.26229166666666665 0.01421875 0.06121296296296296
0 0.08202604166666667 0.4775833333333333 0.017374999999999998 0.09777777777777777
0 0.543109375 0.5493055555555556 0.024010416666666666 0.09490740740740741
