0 0.6359739583333333 0.20089814814814816 0.017552083333333336 0.08444444444444445
0 0.5568229166666667 0.3022222222222222 0.0179375 0.093
0 0.7770416666666666 0.3059537037037037 0.01984375 0.08398148148148149
0 0.8506692708333333 0.38445833333333335 0.025651041666666666 0.10784259259259259
0 0.8777708333333333 0.22296296296296297 0.019125 0.092
0 0.9593203124999999 0.31581944444444443 0.022453125 0.08417592592592592
0 0.2740885416666667 0.3786111111111111 0.019885416666666666 0.11025925925925925
0 0.7184270833333334 0.2296388888888889 0.0168125 0.09033333333333333
0 0.7456197916666666 0.24767592592592594 0.01963541666666667 0.09259259259259259
0 0.8989921875 0.6027916666666666 0.019307291666666667 0.13232407407407407
0 0.03998177083333333 0.47863888888888884 0.04072395833333333 0.12866666666666668
0 0.9530468750000001 0.5376712962962964 0.03430208333333333 0.11682407407407408
0 0.46527604166666664 0.2980092592592593 0.021145833333333332 0.09720370370370371
0 0.36426302083333334 0.9289583333333333 0.035317708333333336 0.1420833333333333
0 0.07770052083333333 0.18636574074074072 0.029109375 0.09065740740740741
