0 0.04067968749999999 0.46983796296296293 0.036182291666666665 0.12912037037037036
0 0.7085 0.22255555555555556 0.02575 0.0951111111111111
0 0.7769843750000001 0.3029166666666667 0.020729166666666667 0.09268518518518518
0 0.876875 0.21875 0.022916666666666665 0.09453703703703703
0 0.3708958333333333 0.9309722222222222 0.03486458333333333 0.13805555555555554
0 0.9435598958333333 0.5222731481481482 0.036828124999999996 0.12710185185185185
0 0.5548958333333334 0.29504629629629625 0.0184375 0.09305555555555556
0 0.6343958333333333 0.19750925925925927 0.017 0.08133333333333334
0 0.9584635416666667 0.3101851851851852 0.020572916666666666 0.08888888888888889
0 0.4674583333333333 0.29056018518518517 0.019260416666666665 0.09760185185185184
0 0.8538541666666666 0.37995370370370374 0.026875 0.10935185185185185
0 0.898890625 0.5983564814814814 0.022572916666666668 0.1313425925925926
0 0.27719270833333337 0.3752407407407407 0.02775 0.10688888888888888
0 0.07936718749999999 0.18070833333333336 0.029671875 0.09141666666666667
0 0.7372656249999999 0.2409259259259259 0.018281250000000002 0.0938888888888889
