0 0.8549895833333333 0.37636111111111115 0.025572916666666667 0.10935185185185185
0 0.3752083333333333 0.9306481481481482 0.034124999999999996 0.13870370370370372
0 0.7008125000000001 0.22005555555555556 0.03325 0.09566666666666666
0 0.46710156249999996 0.2874398148148148 0.019192708333333332 0.09682407407407406
0 0.777078125 0.3012037037037037 0.020677083333333336 0.09083333333333332
0 0.73328125 0.23812962962962964 0.023125 0.09666666666666668
0 0.934546875 0.5119259259259259 0.037572916666666664 0.11788888888888888
0 0.63290625 0.19423148148148148 0.018385416666666664 0.08083333333333333
0 0.079515625 0.17480555555555558 0.027916666666666666 0.09031481481481482
0 0.8987395833333333 0.5937592592592592 0.02304166666666667 0.13216666666666668
0 0.27975520833333334 0.37245370370370373 0.032677083333333336 0.10331481481481482
0 0.5531510416666667 0.29259259259259257 0.019947916666666666 0.0961111111111111
0 0.040981770833333334 0.46675925925925926 0.03505729166666667 0.13062962962962965
0 0.9578776041666667 0.30841203703703707 0.019723958333333333 0.09280555555555556
