0 0.6955520833333334 0.22107407407407406 0.03104166666666667 0.0962962962962963
0 0.8556119791666668 0.3738240740740741 0.023255208333333333 0.10853703703703703
0 0.4662734375 0.2857824074074074 0.02068229166666667 0.09758333333333333
0 0.040966145833333335 0.46575925925925926 0.03418229166666666 0.13277777777777777
0 0.922046875 0.5077962962962964 0.03510416666666667 0.11424074074074074
0 0.8757239583333333 0.2154537037037037 0.024822916666666663 0.09533333333333333
0 0.55234375 0.2911111111111111 0.019791666666666666 0.09537037037037037
0 0.6309635416666667 0.1911574074074074 0.018385416666666664 0.08249999999999999
0 0.8989817708333333 0.5890740740740741 0.023401041666666667 0.13424074074074074
0 0.37839843749999996 0.9326388888888889 0.033817708333333335 0.13472222222222222
0 0.28432552083333335 0.36853240740740745 0.040953125 0.10586111111111111
0 0.728390625 0.23653703703703705 0.026510416666666665 0.0961111111111111
0 0.95665625 0.3074444444444444 0.0209375 0.09111111111111111
0 0.07747395833333333 0.1723611111111111 0.025989583333333333 0.09287037037037037
0 0.7765833333333333 0.29841666666666666 0.02025 0.08783333333333333
