0 0.5433854166666666 0.2857314814814815 0.0230625 0.09411111111111112
0 0.8717864583333333 0.21137500000000004 0.019260416666666665 0.09343518518518518
0 0.3038802083333333 0.36674537037037036 0.03234375 0.10312037037037038
0 0.9420937500000001 0.3117314814814815 0.022052083333333337 0.09072222222222223
0 0.38693750000000005 0.943037037037037 0.03473958333333334 0.11392592592592593
0 0.8923020833333334 0.5943796296296296 0.0265625 0.13599999999999998
0 0.456484375 0.28152777777777777 0.023177083333333334 0.09787037037037037
0 0.85353125 0.3713888888888889 0.0208125 0.11011111111111112
0 0.6185546875 0.1915046296296296 0.015901041666666667 0.08226851851851852
0 0.07364583333333334 0.1640740740740741 0.022916666666666665 0.09055555555555556
0 0.0364296875 0.463537037037037 0.027786458333333333 0.1322777777777778
0 0.7660208333333334 0.2992916666666666 0.020260416666666666 0.08950925925925926
0 0.8759635416666666 0.48300925925925925 0.023489583333333335 0.1126851851851852
0 0.6565052083333334 0.2180324074074074 0.029697916666666668 0.09641666666666666
0 0.6970130208333334 0.23566666666666666 0.02197395833333333 0.09692592592592593
