0 0.852140625 0.36892592592592593 0.021875 0.10657407407407407
0 0.938125 0.31180555555555556 0.021770833333333333 0.08675925925925926
0 0.862625 0.4785277777777777 0.02364583333333333 0.11444444444444445
0 0.3052317708333333 0.3654351851851852 0.042984375 0.10279629629629629
0 0.38878124999999997 0.9468287037037036 0.03546875 0.10634259259259259
0 0.869375 0.21180555555555555 0.018958333333333334 0.09287037037037037
0 0.07283333333333333 0.16264351851851852 0.02253125 0.09010185185185185
0 0.6909531250000001 0.23777777777777778 0.021875 0.09537037037037037
0 0.7634895833333333 0.2964351851851852 0.01885416666666667 0.08601851851851852
0 0.895 0.5941203703703704 0.024687499999999998 0.13361111111111112
0 0.541875 0.28629629629629627 0.023125 0.09444444444444444
0 0.03526302083333333 0.46191203703703704 0.027338541666666667 0.1302685185185185
0 0.4542708333333333 0.27976851851851847 0.020625 0.09731481481481481
0 0.6154947916666667 0.19110185185185183 0.016510416666666666 0.08555555555555557
0 0.6499479166666666 0.22068518518518515 0.022708333333333334 0.0925
