0 0.89440625 0.5924444444444443 0.028187499999999997 0.13177777777777777
0 0.07176822916666667 0.16079166666666667 0.022526041666666666 0.09010185185185185
0 0.38988802083333335 0.9461805555555556 0.033921875 0.1076388888888889
0 0.5394010416666667 0.28375 0.021927083333333333 0.09435185185185185
0 0.85246875 0.4728333333333334 0.0306875 0.11677777777777779
0 0.6815104166666667 0.2378240740740741 0.021041666666666667 0.0936111111111111
0 0.4512760416666666 0.2778240740740741 0.018385416666666664 0.09712962962962964
0 0.30408333333333337 0.3622777777777778 0.04729166666666666 0.10296296296296296
0 0.84975 0.36683333333333334 0.023125 0.10655555555555556
0 0.9319687499999999 0.3090925925925926 0.020125 0.08711111111111111
0 0.865703125 0.21131481481481482 0.019010416666666665 0.09416666666666666
0 0.7590755208333333 0.2965324074074074 0.018598958333333335 0.09226851851851853
0 0.03247395833333334 0.45887962962962964 0.0265625 0.12866666666666668
0 0.6125572916666666 0.19106481481481483 0.015114583333333332 0.08601851851851852
0 0.6383593750000001 0.21888888888888888 0.01765625 0.09259259259259259
