0 0.9923489583333333 0.5061805555555555 0.015302083333333332 0.11289814814814815
0 0.4360494791666667 0.2728009259259259 0.017401041666666665 0.09519444444444444
0 0.2844375 0.354 0.0399375 0.102
0 0.8725208333333333 0.5790231481481481 0.027270833333333334 0.12863888888888889
0 0.5938281249999999 0.18967592592592591 0.01671875 0.08194444444444444
0 0.8114817708333333 0.4558148148148148 0.021859375 0.10651851851851853
0 0.021494791666666666 0.45183333333333336 0.025770833333333333 0.12357407407407409
0 0.6072864583333334 0.2119027777777778 0.030322916666666665 0.09610185185185185
0 0.9039088541666668 0.30239351851851853 0.020963541666666665 0.09139814814814815
0 0.5253125 0.2796296296296296 0.019479166666666665 0.0937037037037037
0 0.8330624999999999 0.35760648148148144 0.025125 0.10558333333333333
0 0.38485156249999997 0.9447777777777778 0.03621354166666667 0.11044444444444444
0 0.8441197916666667 0.20501851851851852 0.01932291666666667 0.09277777777777778
0 0.05894791666666667 0.15416666666666667 0.021395833333333333 0.08788888888888889
0 0.7396354166666667 0.29444444444444445 0.0203125 0.09092592592592592
0 0.6532708333333334 0.2315648148148148 0.02041666666666667 0.09046296296296297
