0 0.011088541666666667 0.4502592592592593 0.022083333333333333 0.12461111111111112
0 0.5835677083333334 0.2121574074074074 0.03075 0.09187037037037037
0 0.9654843750000001 0.4932824074074074 0.040281250000000005 0.11250925925925927
0 0.8799375 0.30313425925925924 0.02332291666666667 0.0921388888888889
0 0.511875 0.2736944444444444 0.019010416666666665 0.09407407407407407
0 0.7805234375 0.44519907407407405 0.028348958333333334 0.10512037037037038
0 0.4222005208333333 0.2702037037037037 0.01686979166666667 0.09509259259259259
0 0.27122395833333335 0.35074074074074074 0.04265625 0.09759259259259259
0 0.8230963541666667 0.20130092592592594 0.020432291666666665 0.09091666666666666
0 0.5735833333333333 0.21078703703703702 0.004666666666666667 0.027685185185185184
0 0.04645833333333333 0.1508796296296296 0.024895833333333332 0.0875
0 0.8153125 0.3536666666666667 0.026500000000000003 0.10622222222222222
0 0.37618489583333337 0.9473425925925926 0.035765625 0.1053148148148148
0 0.6303750000000001 0.22833333333333336 0.026697916666666665 0.0932037037037037
0 0.7225 0.2874537037037037 0.020625 0.0875
0 0.5784375 0.1609722222222222 0.01583333333333333 0.03398148148148149
0 0.8516927083333333 0.5752314814814815 0.025677083333333333 0.12824074074074074
