0 0.739734375 0.4282916666666667 0.037125 0.10413888888888889
0 0.7948333333333334 0.1949537037037037 0.023375 0.08744444444444444
0 0.252484375 0.34868055555555555 0.03941666666666667 0.09476851851851852
0 0.545046875 0.20593055555555556 0.024489583333333335 0.09000925925925925
0 0.9163984375 0.4776157407407407 0.02609895833333333 0.11247222222222222
0 0.6961692708333334 0.2814259259259259 0.021203125 0.09066666666666667
0 0.5551302083333333 0.18106481481481482 0.016510416666666666 0.08416666666666667
0 0.846875 0.2928425925925926 0.021374999999999998 0.08946296296296297
0 0.7886614583333333 0.3443333333333333 0.025875 0.10307407407407407
0 0.8247213541666667 0.5648148148148148 0.026317708333333335 0.12314814814814815
0 0.4008072916666667 0.2624537037037037 0.018072916666666668 0.09324074074074075
0 0.36047656249999993 0.942037037037037 0.031046874999999998 0.11592592592592593
0 0.5965885416666666 0.22578703703703704 0.02421875 0.08768518518518519
0 0.49223958333333334 0.26458333333333334 0.018229166666666668 0.09194444444444444
0 0.027369791666666664 0.1437037037037037 0.025677083333333333 0.0874074074074074
