0 0.7367395833333333 0.41794907407407406 0.020770833333333336 0.10639814814814814
0 0.16536458333333334 0.3497222222222222 0.022708333333333334 0.10055555555555555
0 0.3448958333333333 0.24648148148148147 0.01864583333333333 0.08685185185185185
0 0.32967187499999995 0.9552314814814814 0.03625 0.08953703703703704
0 0.71421875 0.326712962962963 0.030416666666666665 0.09305555555555556
0 0.4720052083333333 0.22374999999999998 0.020052083333333335 0.08416666666666667
0 0.7266145833333334 0.3143518518518518 0.0019791666666666664 0.010925925925925926
0 0.9259427083333335 0.2925138888888889 0.025447916666666667 0.09850925925925925
0 0.623046875 0.2806018518518519 0.025052083333333332 0.08768518518518519
0 0.4314322916666667 0.2538888888888889 0.02578125 0.08555555555555557
0 0.5829166666666665 0.3843518518518519 0.035520833333333335 0.09259259259259259
0 0.7484401041666666 0.5418425925925926 0.016921875 0.12048148148148148
0 0.4069010416666667 0.20407407407407407 0.023072916666666665 0.08722222222222223
0 0.7301822916666667 0.28726851851851853 0.018177083333333333 0.08898148148148148
0 0.48799479166666665 0.17944444444444443 0.017760416666666667 0.08351851851851852
0 0.7126822916666666 0.18791666666666665 0.017760416666666667 0.0850925925925926
