0 0.1654505208333333 0.35544444444444445 0.018713541666666667 0.10592592592592594
0 0.7099218749999999 0.19319444444444442 0.02140625 0.08694444444444445
0 0.7474479166666667 0.5541666666666667 0.01885416666666667 0.12351851851851853
0 0.3494114583333333 0.24810185185185185 0.028593749999999998 0.08611111111111111
0 0.6308958333333333 0.28228703703703706 0.020520833333333332 0.08101851851851852
0 0.3378671875 0.9674537037037039 0.039140625000000005 0.06509259259259259
0 0.9181770833333333 0.29824074074074075 0.024583333333333336 0.09833333333333334
0 0.49341145833333333 0.18166666666666664 0.016614583333333332 0.0788888888888889
0 0.4354166666666667 0.2543842592592593 0.020729166666666667 0.08808333333333333
0 0.723359375 0.29560185185185184 0.01890625 0.08805555555555555
0 0.725203125 0.32310185185185186 0.019572916666666666 0.09842592592592592
0 0.46026041666666667 0.22675925925925927 0.01885416666666667 0.08907407407407408
0 0.576703125 0.38190740740740736 0.021718750000000002 0.09759259259259259
0 0.39196614583333333 0.2081574074074074 0.02458854166666667 0.09001851851851851
0 0.7169062499999999 0.4122222222222222 0.0329375 0.09977777777777778
