0 0.34523177083333334 0.9737361111111111 0.034109375 0.05252777777777778
0 0.441953125 0.2544907407407407 0.01671875 0.08824074074074074
0 0.5719270833333333 0.38236111111111115 0.021458333333333336 0.0987962962962963
0 0.7101302083333334 0.19578703703703706 0.021614583333333333 0.08546296296296296
0 0.454765625 0.2329166666666667 0.018489583333333334 0.08842592592592592
0 0.7037239583333332 0.4121296296296296 0.02432291666666667 0.10074074074074074
0 0.72821875 0.32237037037037036 0.017583333333333333 0.0975
0 0.7183177083333334 0.2954675925925926 0.01690625 0.08889814814814816
0 0.3505729166666666 0.24708333333333335 0.025833333333333333 0.08787037037037038
0 0.9157317708333335 0.29948148148148146 0.022703125 0.09525925925925925
0 0.7498072916666666 0.5581203703703703 0.0159375 0.1243888888888889
0 0.3837760416666666 0.21226851851851852 0.016197916666666666 0.08472222222222223
0 0.16401041666666666 0.3616666666666667 0.019166666666666665 0.10703703703703703
0 0.6338802083333335 0.2841203703703704 0.024635416666666667 0.0849074074074074
0 0.49546874999999996 0.1846759259259259 0.0190625 0.08342592592592592
