0 0.359296875 0.25962962962962965 0.00328125 0.0033333333333333335
0 0.7129427083333333 0.29912037037037037 0.018281250000000002 0.08898148148148148
0 0.445546875 0.25893518518518516 0.02432291666666667 0.08527777777777777
0 0.5575520833333333 0.3859722222222222 0.028125 0.09712962962962964
0 0.9126302083333333 0.3005555555555555 0.026302083333333334 0.09981481481481481
0 0.7473958333333334 0.5610648148148148 0.019270833333333334 0.12175925925925926
0 0.6496614583333334 0.2882407407407407 0.03015625 0.08222222222222222
0 0.7359895833333333 0.3258657407407407 0.03239583333333333 0.0926574074074074
0 0.5013541666666667 0.18939814814814815 0.015416666666666667 0.07916666666666666
0 0.6806770833333334 0.4060648148148148 0.028541666666666667 0.10472222222222222
0 0.7142187500000001 0.19824074074074075 0.018125 0.0862962962962963
0 0.3679427083333333 0.21078703703703705 0.020364583333333335 0.08009259259259259
0 0.3712213541666667 0.9760185185185186 0.036098958333333334 0.04796296296296296
0 0.16174479166666667 0.36949074074074073 0.022135416666666668 0.10990740740740741
0 0.3597916666666666 0.24555555555555555 0.015104166666666667 0.0862962962962963
0 0.439453125 0.2375462962962963 0.01609375 0.08953703703703704
