0 0.744140625 0.5625370370370371 0.022395833333333334 0.11877777777777777
0 0.91234375 0.30125 0.026770833333333334 0.09861111111111111
0 0.5538541666666666 0.38569444444444445 0.024583333333333336 0.09601851851851852
0 0.43359375 0.24125000000000002 0.0190625 0.0875
0 0.7095052083333333 0.3026388888888889 0.018697916666666665 0.08842592592592592
0 0.7146614583333334 0.2011574074074074 0.019010416666666665 0.08675925925925926
0 0.36359374999999994 0.2463425925925926 0.025833333333333333 0.0862037037037037
0 0.44604166666666667 0.25962962962962965 0.020104166666666666 0.08814814814814816
0 0.3548958333333333 0.2213888888888889 0.019895833333333335 0.08833333333333333
0 0.37808072916666663 0.974912037037037 0.030515625 0.05017592592592592
0 0.6534895833333334 0.2873148148148148 0.0315625 0.08185185185185186
0 0.44388020833333336 0.2627777777777777 0.003177083333333333 0.015555555555555557
0 0.3669791666666667 0.23513888888888887 0.004270833333333333 0.013425925925925926
0 0.5027083333333333 0.18958333333333333 0.0190625 0.0837962962962963
0 0.7353124999999999 0.3262037037037037 0.030208333333333334 0.09222222222222222
0 0.16145833333333334 0.37486111111111114 0.023125 0.11083333333333334
0 0.6692812499999999 0.4042638888888889 0.02140625 0.10075
