0 0.7341145833333333 0.5688425925925926 0.019479166666666665 0.12009259259259258
0 0.9030729166666667 0.3027314814814815 0.027604166666666666 0.09842592592592592
0 0.4017369791666667 0.9906481481481481 0.010223958333333333 0.0187037037037037
0 0.3600520833333334 0.24625 0.018333333333333333 0.0875
0 0.44854166666666667 0.2604166666666667 0.017291666666666667 0.08564814814814815
0 0.5397656249999999 0.3855092592592593 0.02140625 0.10064814814814815
0 0.332421875 0.22514351851851852 0.022447916666666668 0.09325
0 0.6649218749999999 0.2901851851851852 0.021718750000000002 0.08203703703703703
0 0.6400520833333334 0.39814814814814814 0.028854166666666667 0.1037037037037037
0 0.7409635416666667 0.3277777777777778 0.02255208333333333 0.09666666666666668
0 0.15661458333333333 0.38328703703703704 0.018125 0.11138888888888888
0 0.4132552083333333 0.2463888888888889 0.01942708333333333 0.09074074074074075
0 0.7093229166666666 0.20416666666666666 0.021666666666666667 0.08648148148148149
0 0.6995130208333333 0.3041388888888889 0.020765625 0.09012962962962963
0 0.5055729166666666 0.19611111111111112 0.0190625 0.07944444444444444
