0 0.3578385416666666 0.24662037037037035 0.025677083333333333 0.08638888888888889
0 0.43268229166666666 0.9957870370370371 0.00921875 0.008425925925925925
0 0.6977864583333333 0.20824074074074075 0.020468749999999997 0.0862962962962963
0 0.6825260416666666 0.3095833333333333 0.023489583333333335 0.08416666666666667
0 0.5993229166666667 0.38990740740740737 0.022916666666666665 0.10314814814814816
0 0.6734114583333334 0.31277777777777777 0.012552083333333333 0.03888888888888889
0 0.893203125 0.30236111111111114 0.02140625 0.09787037037037037
0 0.6873177083333333 0.27416666666666667 0.00453125 0.005555555555555556
0 0.5216666666666667 0.38430555555555557 0.019375 0.10101851851851851
0 0.7317708333333334 0.33185185185185184 0.021979166666666668 0.09333333333333334
0 0.5009270833333334 0.20041666666666666 0.017 0.08324074074074074
0 0.9930468749999999 0.45314814814814813 0.01390625 0.1151851851851852
0 0.6765364583333333 0.2759259259259259 0.015677083333333335 0.05407407407407407
0 0.44140625 0.2592777777777778 0.022135416666666668 0.08527777777777777
0 0.38276041666666666 0.25439814814814815 0.016666666666666666 0.08861111111111111
0 0.14520833333333333 0.3943518518518519 0.022604166666666665 0.10518518518518517
0 0.7177083333333333 0.5791203703703705 0.020833333333333332 0.12287037037037037
0 0.29656250000000006 0.23282407407407407 0.020520833333333332 0.09268518518518518
