0 0.34622395833333336 0.24754629629629632 0.024010416666666666 0.08416666666666667
0 0.5357291666666667 0.40273148148148147 0.021249999999999998 0.08601851851851852
0 0.129453125 0.41777777777777775 0.024635416666666667 0.1175925925925926
0 0.4284947916666667 0.2671574074074074 0.020427083333333332 0.08524074074074074
0 0.48421875 0.2126851851851852 0.021249999999999998 0.07574074074074073
0 0.9902864583333334 0.40699074074074076 0.01942708333333333 0.1149074074074074
0 0.23244791666666667 0.24833333333333332 0.024791666666666667 0.09648148148148149
0 0.6767187499999999 0.21745370370370373 0.022083333333333333 0.08527777777777777
0 0.3302604166666666 0.27199074074074076 0.018541666666666668 0.09453703703703703
0 0.6957291666666666 0.5807407407407407 0.033854166666666664 0.12185185185185185
0 0.6836718749999999 0.29819444444444443 0.030052083333333333 0.08046296296296297
0 0.9502343750000001 0.46305555555555555 0.031927083333333335 0.1175925925925926
0 0.7109114583333334 0.33847222222222223 0.023385416666666665 0.09324074074074075
0 0.9992786458333334 0.45649537037037036 0.0014427083333333334 0.005027777777777778
0 0.49635416666666665 0.3888425925925926 0.02354166666666667 0.09675925925925925
0 0.6609375 0.32958333333333334 0.018541666666666668 0.08175925925925925
0 0.8566145833333334 0.30995370370370373 0.023854166666666666 0.09768518518518518
