0 0.6516666666666666 0.25453703703703706 0.024583333333333336 0.08444444444444445
0 0.32669270833333336 0.275 0.022135416666666668 0.08462962962962964
0 0.6681510416666666 0.611712962962963 0.03598958333333333 0.12157407407407408
0 0.2712760416666667 0.3195833333333334 0.025260416666666667 0.09231481481481482
0 0.8917187500000001 0.4959722222222222 0.030416666666666665 0.11546296296296296
0 0.15635416666666666 0.2953703703703704 0.0321875 0.09296296296296297
0 0.6874218750000001 0.33361111111111114 0.017343749999999998 0.06259259259259259
0 0.6852343750000001 0.3787962962962963 0.020260416666666666 0.09592592592592591
0 0.48117187499999997 0.2504166666666667 0.030260416666666668 0.07768518518518519
0 0.11796875 0.4688425925925926 0.02364583333333333 0.11657407407407408
0 0.46184895833333334 0.39143518518518516 0.021614583333333333 0.09768518518518518
0 0.48669270833333333 0.39902777777777776 0.02328125 0.09305555555555556
0 0.8127604166666667 0.34208333333333335 0.021145833333333332 0.09175925925925925
0 0.4114322916666666 0.2978703703703704 0.01984375 0.08537037037037037
0 0.9498958333333333 0.43703703703703706 0.0271875 0.11555555555555555
0 0.6478125 0.35935185185185187 0.015208333333333332 0.09185185185185185
