0 0.20624218749999998 0.3580740740740741 0.020401041666666668 0.09811111111111111
0 0.6582552083333333 0.4143981481481482 0.022135416666666668 0.10101851851851851
0 0.07721354166666666 0.3329166666666667 0.028489583333333336 0.1000925925925926
0 0.6829947916666668 0.3849074074074074 0.023385416666666665 0.09314814814814815
0 0.9074479166666667 0.4608333333333333 0.026770833333333334 0.11333333333333334
0 0.3138020833333333 0.2944907407407408 0.026354166666666668 0.0763888888888889
0 0.776796875 0.3723148148148148 0.017343749999999998 0.0937037037037037
0 0.6251562500000001 0.38560185185185186 0.017604166666666664 0.08842592592592592
0 0.6270833333333333 0.6359074074074074 0.026041666666666668 0.12175925925925926
0 0.496953125 0.28199074074074076 0.02421875 0.08324074074074074
0 0.39984374999999994 0.3261574074074074 0.013333333333333334 0.08638888888888889
0 0.11283854166666667 0.5106018518518519 0.03401041666666667 0.1187962962962963
0 0.633046875 0.2853703703703704 0.022135416666666668 0.08333333333333333
0 0.848125 0.524074074074074 0.022291666666666664 0.11722222222222221
0 0.4398776041666667 0.3982314814814815 0.03378645833333334 0.08631481481481482
0 0.4193880208333333 0.405162037037037 0.020317708333333333 0.07849074074074074
0 0.431328125 0.39837962962962964 0.005260416666666667 0.017499999999999998
