0 0.47723697916666663 0.3679074074074074 0.018390625 0.09851851851851852
0 0.5555885416666667 0.6740277777777777 0.026927083333333334 0.13157407407407407
0 0.9829010416666666 0.7895833333333333 0.03419791666666667 0.14425925925925928
0 0.5656041666666667 0.45255555555555554 0.01796875 0.10166666666666667
0 0.9857135416666668 0.44025000000000003 0.018385416666666664 0.12175925925925926
0 0.484078125 0.720574074074074 0.029791666666666668 0.13527777777777777
0 0.23477083333333332 0.37312962962962964 0.02333333333333333 0.1000925925925926
0 0.890828125 0.4109166666666667 0.022708333333333334 0.1111111111111111
0 0.3729166666666667 0.3791203703703704 0.022916666666666665 0.09546296296296296
0 0.243125 0.4946388888888889 0.035 0.11972222222222223
0 0.7699374999999999 0.7840694444444445 0.04641666666666667 0.14778703703703705
0 0.4110833333333333 0.3342777777777778 0.019270833333333334 0.0975
0 0.993625 0.5238611111111111 0.012750000000000001 0.1260185185185185
0 0.6108333333333335 0.5366574074074073 0.0228125 0.11655555555555555
0 0.44094791666666666 0.2702962962962963 0.016614583333333332 0.08175925925925925
0 0.8011119791666667 0.27710648148148154 0.021713541666666666 0.09341666666666666
