0 0.12796875 0.9290277777777778 0.04895833333333333 0.14194444444444446
0 0.40478125 0.43166666666666664 0.025 0.08972222222222223
0 0.8965364583333334 0.3106481481481482 0.021302083333333333 0.08796296296296297
0 0.7133177083333333 0.7627407407407407 0.03390625 0.13740740740740742
0 0.47918229166666665 0.8958148148148148 0.03739583333333333 0.15453703703703706
0 0.342609375 0.22201851851851853 0.027083333333333334 0.07527777777777778
0 0.8028020833333332 0.5452407407407408 0.021666666666666667 0.11287037037037037
0 0.7027812499999999 0.5838148148148148 0.022500000000000003 0.12092592592592592
0 0.09515625 0.7238703703703704 0.027708333333333335 0.1385185185185185
0 0.957859375 0.2666851851851852 0.01484375 0.08694444444444445
