0 0.48278645833333333 0.41041666666666665 0.02265625 0.09990740740740742
0 0.9400260416666666 0.4718981481481481 0.02140625 0.12027777777777779
0 0.46049999999999996 0.3387222222222222 0.01942708333333333 0.08811111111111111
0 0.7664687499999999 0.40803703703703703 0.015145833333333332 0.09648148148148149
0 0.418546875 0.3810648148148148 0.021249999999999998 0.09407407407407407
0 0.8069609375 0.3831435185185185 0.019421874999999998 0.1013425925925926
0 0.180140625 0.3892222222222222 0.02432291666666667 0.1012037037037037
0 0.6634479166666666 0.31126851851851856 0.01991666666666667 0.08768518518518519
0 0.5715234374999999 0.32458796296296294 0.022869791666666663 0.08825000000000001
0 0.165015625 0.5510787037037037 0.035479166666666666 0.12671296296296294
0 0.6456458333333334 0.6455833333333334 0.027760416666666666 0.125
0 0.6557291666666667 0.3953101851851852 0.02041666666666667 0.09321296296296297
0 0.8881875 0.5436759259259258 0.044270833333333336 0.1175925925925926
0 0.6354010416666667 0.43660185185185185 0.03359375 0.10435185185185185
0 0.0144453125 0.36022222222222217 0.024119791666666668 0.10731481481481482
0 0.42923958333333334 0.2761018518518519 0.023177083333333334 0.07685185185185185
