0 0.14073437500000002 0.5872222222222222 0.033177083333333336 0.1287962962962963
0 0.47325520833333334 0.2760462962962963 0.029479166666666667 0.0774074074074074
0 0.9274947916666668 0.5576296296296296 0.03895833333333333 0.12157407407407408
0 0.6656979166666667 0.3248935185185185 0.016927083333333332 0.09460185185185185
0 0.94090625 0.5531388888888888 0.0022395833333333334 0.006666666666666667
0 0.8123385416666667 0.3978888888888889 0.028541666666666667 0.10250000000000001
0 0.13672395833333334 0.41733796296296294 0.023072916666666665 0.1081388888888889
0 0.395875 0.38963425925925926 0.0198125 0.09667592592592593
0 0.575375 0.357787037037037 0.033125 0.09068518518518519
0 0.64346875 0.40394444444444444 0.023854166666666666 0.09990740740740742
0 0.5810494791666667 0.4565092592592593 0.021963541666666666 0.10935185185185185
0 0.46100260416666666 0.36649074074074073 0.025619791666666666 0.08675925925925926
0 0.49603125 0.4275555555555556 0.02755208333333333 0.10157407407407408
0 0.95965625 0.4956203703703704 0.030052083333333333 0.12114814814814816
0 0.6143776041666666 0.6674907407407409 0.03318229166666667 0.13
0 0.7776848958333333 0.43275925925925923 0.022817708333333336 0.09833333333333334
