0 0.7838802083333334 0.40185185185185185 0.02984375 0.10648148148148148
0 0.9931510416666668 0.589625 0.013697916666666667 0.11234259259259259
0 0.9507630208333333 0.4968796296296296 0.027755208333333333 0.1187962962962963
0 0.7358489583333334 0.4415925925925926 0.02364583333333333 0.10666666666666667
0 0.5745885416666667 0.40249074074074076 0.02020833333333333 0.09129629629629629
0 0.29929687499999996 0.4025925925925926 0.020583333333333335 0.09601851851851852
0 0.37007812500000004 0.3770833333333333 0.021822916666666668 0.09990740740740742
0 0.4766822916666667 0.4725925925925926 0.019166666666666665 0.10990740740740741
0 0.6301406249999999 0.33337500000000003 0.03515625 0.0879537037037037
0 0.5180572916666667 0.3645601851851852 0.02713541666666667 0.09602777777777777
0 0.45545833333333335 0.44530092592592596 0.031614583333333335 0.10550925925925926
0 0.07238020833333333 0.6221759259259259 0.0215625 0.13944444444444443
0 0.9249583333333332 0.5641851851851852 0.038125 0.12175925925925926
0 0.03972916666666667 0.44795833333333335 0.021875 0.11436111111111112
0 0.48284374999999996 0.27815740740740735 0.034687499999999996 0.08333333333333333
0 0.5326979166666667 0.6806944444444445 0.023489583333333335 0.1337037037037037
