0 0.8856822916666667 0.4863425925925926 0.024479166666666666 0.1150925925925926
0 0.44754166666666667 0.3913055555555556 0.03135416666666667 0.08703703703703704
0 0.33353645833333334 0.48971296296296296 0.03121875 0.10851851851851853
0 0.36627604166666666 0.4655277777777778 0.032656250000000005 0.10435185185185185
0 0.3767005208333334 0.4318148148148148 0.0026718749999999998 0.005296296296296296
0 0.22575520833333332 0.395 0.024427083333333332 0.10111111111111111
0 0.148078125 0.4411388888888889 0.03125 0.09916666666666667
0 0.38071874999999994 0.6940046296296297 0.028572916666666667 0.13391666666666666
0 0.9834375000000001 0.6424166666666667 0.03302083333333333 0.12305555555555556
0 0.6338385416666666 0.4540740740740741 0.03348958333333333 0.09722222222222222
0 0.7126822916666666 0.41888888888888887 0.05390625 0.09851851851851852
0 0.9221041666666667 0.5738981481481481 0.0284375 0.12222222222222222
0 0.4626041666666667 0.2808703703703704 0.02822916666666667 0.08249999999999999
0 0.57496875 0.3545833333333333 0.043645833333333335 0.08648148148148149
0 0.3897552083333334 0.3927777777777778 0.02625 0.09481481481481482
0 0.8587864583333334 0.5623611111111111 0.034583333333333334 0.13240740740740742
