0 0.5724687500000001 0.5763796296296296 0.034895833333333334 0.10101851851851851
0 0.6240885416666667 0.5035185185185185 0.018802083333333334 0.10944444444444444
0 0.35786979166666666 0.2619166666666667 0.013697916666666667 0.07205555555555555
0 0.08950520833333334 0.6651574074074074 0.02805208333333333 0.12250000000000001
0 0.0631328125 0.7343425925925926 0.044390625 0.14203703703703704
0 0.5326666666666667 0.5742546296296297 0.025989583333333333 0.1110462962962963
0 0.4054453125 0.6623148148148149 0.026494791666666666 0.12561111111111112
0 0.18631250000000002 0.5039722222222222 0.021354166666666667 0.10287037037037036
0 0.71296875 0.49752777777777774 0.016041666666666666 0.10055555555555555
0 0.20619791666666665 0.78 0.02364583333333333 0.14027777777777778
0 0.822921875 0.5340092592592592 0.03338541666666666 0.04416666666666667
0 0.8257604166666667 0.5610925925925926 0.022083333333333333 0.08648148148148149
0 0.4009427083333333 0.4476111111111111 0.024895833333333332 0.09342592592592593
0 0.5812604166666666 0.6110277777777777 0.0025520833333333337 0.018333333333333333
0 0.828703125 0.576925925925926 0.0014062500000000002 0.0059259259259259265
0 0.5039036458333334 0.5198148148148148 0.017817708333333335 0.09851851851851852
0 0.5873671875 0.6254861111111112 0.032630208333333334 0.11539814814814814
0 0.7680572916666666 0.6085925925925926 0.026614583333333334 0.07685185185185185
0 0.48392708333333334 0.5852962962962963 0.022135416666666668 0.10388888888888889
0 0.675015625 0.6390185185185185 0.029427083333333333 0.11892592592592592
0 0.8226875 0.5836851851851852 0.00625 0.012592592592592593
0 0.7032083333333333 0.5614351851851852 0.0215625 0.11435185185185186
0 0.6021328125000001 0.5681064814814815 0.022942708333333332 0.10380555555555555
