0 0.822546875 0.5191018518518519 0.0028125000000000003 0.009259259259259259
0 0.4721458333333333 0.6495833333333334 0.03697916666666667 0.12333333333333332
0 0.5774218750000001 0.6231481481481481 0.023072916666666665 0.11666666666666667
0 0.1799661458333333 0.6609814814814814 0.031088541666666667 0.11907407407407407
0 0.3572447916666667 0.26230555555555557 0.013072916666666667 0.07212962962962964
0 0.21509895833333334 0.7691435185185185 0.03125 0.1338425925925926
0 0.7056979166666667 0.5604861111111111 0.020833333333333332 0.11562037037037037
0 0.7641979166666667 0.6088564814814814 0.031614583333333335 0.07828703703703703
0 0.6456067708333334 0.5562870370370371 0.004526041666666666 0.024259259259259258
0 0.7131354166666666 0.49177777777777776 0.014166666666666666 0.09824074074074074
0 0.8298385416666666 0.553962962962963 0.021041666666666667 0.10175925925925926
0 0.5175104166666666 0.5362222222222223 0.022447916666666668 0.07138888888888888
0 0.4859427083333333 0.5824537037037038 0.024989583333333332 0.1032037037037037
0 0.013755208333333333 0.6583240740740741 0.027510416666666666 0.12935185185185183
0 0.16114062499999998 0.7135601851851852 0.045000000000000005 0.13610185185185186
0 0.6387291666666667 0.4940925925925926 0.027291666666666665 0.07324074074074073
0 0.6836458333333333 0.6417592592592591 0.034479166666666665 0.12
0 0.8233020833333333 0.49590740740740746 0.016614583333333332 0.04416666666666667
0 0.5573697916666667 0.5916018518518518 0.021791666666666668 0.1132962962962963
0 0.44992447916666667 0.4340138888888889 0.024026041666666668 0.09358333333333332
0 0.6532552083333333 0.5823472222222222 0.033604166666666664 0.10386111111111111
0 0.17481770833333332 0.4981481481481482 0.016614583333333332 0.10425925925925926
0 0.6402916666666667 0.5598333333333333 0.01973958333333333 0.1057962962962963
0 0.8214791666666666 0.5841944444444443 0.006822916666666666 0.012962962962962963
