0 0.4606927083333333 0.5771296296296297 0.018020833333333333 0.10501851851851852
0 0.39117968750000004 0.6535 0.018317708333333335 0.11972222222222223
0 0.26450520833333335 0.6164351851851851 0.024739583333333332 0.12064814814814816
0 0.713921875 0.5607314814814816 0.030052083333333333 0.11453703703703703
0 0.3729583333333333 0.6799351851851853 0.029479166666666667 0.13074074074074074
0 0.8126119791666666 0.5836388888888889 0.004140625 0.006944444444444444
0 0.5906770833333332 0.5973611111111111 0.0175 0.11638888888888889
0 0.6879062499999999 0.5627731481481482 0.029791666666666668 0.08232407407407408
0 0.20010416666666667 0.4661111111111111 0.014791666666666667 0.10185185185185185
0 0.04527604166666667 0.6243148148148148 0.02822916666666667 0.1012037037037037
0 0.21527604166666667 0.7682129629629629 0.03260416666666667 0.13314814814814815
0 0.6521770833333334 0.5204074074074073 0.02265625 0.11398148148148148
0 0.5597135416666666 0.6425740740740741 0.021718750000000002 0.12096296296296295
0 0.8200000000000001 0.5921574074074074 0.021885416666666668 0.1075
0 0.8264270833333334 0.5506481481481482 0.021458333333333336 0.09559259259259259
0 0.6815729166666668 0.6410185185185184 0.03401041666666667 0.12064814814814816
0 0.5482083333333333 0.6435833333333333 0.017260416666666667 0.0855
0 0.8286093749999999 0.5698148148148149 0.0019479166666666668 0.013796296296296296
0 0.7689609374999999 0.5871342592592593 0.027401041666666667 0.11569444444444445
0 0.7080572916666666 0.49292129629629633 0.015156250000000001 0.09978703703703704
0 0.5879739583333333 0.3802361111111111 0.015052083333333332 0.08382407407407408
0 0.5191614583333334 0.522537037037037 0.022500000000000003 0.10101851851851851
0 0.35327604166666665 0.25955555555555554 0.015000000000000001 0.07703703703703704
0 0.8257864583333333 0.49836111111111114 0.010677083333333334 0.0437037037037037
