0 0.5628541666666667 0.6504814814814814 0.022135416666666668 0.12
0 0.7588958333333334 0.5921203703703704 0.02020833333333333 0.11496296296296296
0 0.19729166666666667 0.4656944444444444 0.015572916666666665 0.10324074074074074
0 0.8245260416666667 0.4995648148148149 0.011770833333333335 0.04435185185185185
0 0.4645416666666667 0.5821111111111111 0.0209375 0.1075925925925926
0 0.8339296875 0.6061435185185186 0.026401041666666666 0.10889814814814815
0 0.45730208333333333 0.660537037037037 0.03947916666666666 0.11629629629629629
0 0.5277447916666667 0.5255601851851852 0.021249999999999998 0.10073148148148149
0 0.8251822916666668 0.5531111111111111 0.022604166666666665 0.10175925925925926
0 0.7002994791666667 0.49260185185185185 0.017859375 0.0961111111111111
0 0.3562916666666667 0.26223148148148145 0.012624999999999999 0.07111111111111111
0 0.33665104166666665 0.6067962962962963 0.036041666666666666 0.11851851851851852
0 0.047281250000000004 0.6366851851851852 0.033854166666666664 0.07611111111111112
0 0.7129270833333334 0.5608518518518518 0.030625 0.1162037037037037
0 0.5487760416666666 0.6437777777777778 0.022687500000000003 0.0849074074074074
0 0.68175 0.6407685185185185 0.032239583333333335 0.1206111111111111
0 0.8154322916666668 0.5829768518518519 0.011145833333333332 0.01613888888888889
0 0.6005208333333333 0.3547222222222222 0.016041666666666666 0.0812962962962963
0 0.21457812499999998 0.7688148148148147 0.03296875 0.13318518518518518
0 0.6873697916666667 0.5613981481481481 0.029375 0.08009259259259259
0 0.596625 0.6056296296296295 0.024947916666666667 0.10657407407407407
0 0.427671875 0.6680277777777777 0.020833333333333332 0.1287962962962963
0 0.8150104166666667 0.5124814814814815 0.0072187499999999995 0.013148148148148147
0 0.8263671875 0.5855555555555556 0.0030260416666666665 0.011722222222222222
0 0.6552604166666666 0.5206944444444445 0.014375 0.1125
