0 0.5892526041666667 0.610449074074074 0.021453125 0.11302777777777777
0 0.4755052083333334 0.5851388888888889 0.014427083333333333 0.10025925925925926
0 0.8223802083333334 0.4981944444444445 0.012552083333333333 0.04092592592592593
0 0.6873802083333334 0.5603888888888889 0.028385416666666666 0.08092592592592593
0 0.041380208333333335 0.6159629629629629 0.019375 0.11388888888888889
0 0.68334375 0.4873425925925926 0.021979166666666668 0.08757407407407407
0 0.65940625 0.5204074074074073 0.020125 0.11144444444444444
0 0.8231927083333334 0.552287037037037 0.023177083333333334 0.09846296296296296
0 0.21332291666666667 0.7689212962962962 0.031656250000000004 0.13217592592592592
0 0.6754817708333333 0.6312962962962964 0.030932291666666667 0.12144444444444444
0 0.19646875 0.4649722222222222 0.0153125 0.10074074074074074
0 0.4628489583333334 0.6637222222222222 0.029249999999999998 0.12933333333333333
0 0.39731770833333335 0.5985462962962964 0.0323125 0.11544444444444445
0 0.7481484375 0.5954351851851851 0.02480729166666667 0.11422222222222222
0 0.8127994791666667 0.5086666666666667 0.013359375 0.021574074074074075
0 0.812234375 0.5823888888888888 0.005489583333333333 0.00587037037037037
0 0.8253541666666667 0.6144861111111111 0.024697916666666667 0.10926851851851853
0 0.5616354166666666 0.6512685185185184 0.022104166666666664 0.1184074074074074
0 0.5248229166666667 0.5266481481481482 0.016197916666666666 0.09898148148148149
0 0.5044947916666667 0.6595046296296296 0.02294791666666667 0.11967592592592592
0 0.357 0.2605555555555556 0.011770833333333335 0.07055555555555555
0 0.5483567708333333 0.6443981481481482 0.022203125 0.08287037037037037
0 0.5701328125 0.3387685185185185 0.016296875 0.08120370370370371
0 0.8284973958333333 0.5377175925925926 0.0025885416666666665 0.012527777777777777
0 0.8266901041666668 0.566574074074074 0.002348958333333333 0.013148148148148147
0 0.7103385416666667 0.5595555555555556 0.029270833333333336 0.11240740740740741
