0 0.19523958333333333 0.46464814814814814 0.01528125 0.10085185185185186
0 0.8220052083333333 0.5516388888888889 0.022708333333333334 0.09796296296296296
0 0.7499635416666667 0.592111111111111 0.0253125 0.11675925925925926
0 0.21257291666666667 0.7688981481481482 0.03154166666666667 0.1317037037037037
0 0.359109375 0.2611296296296296 0.014895833333333334 0.07046296296296296
0 0.5263958333333334 0.6561481481481481 0.0278125 0.12033333333333333
0 0.68775 0.4905648148148148 0.014322916666666666 0.0817962962962963
0 0.8128932291666667 0.6181574074074074 0.014161458333333333 0.11359259259259259
0 0.5471692708333333 0.643462962962963 0.021109375 0.0850925925925926
0 0.037179687499999996 0.6195925925925926 0.019661458333333333 0.11385185185185184
0 0.5303385416666667 0.32469444444444445 0.011041666666666667 0.07546296296296297
0 0.66384375 0.5201574074074073 0.017447916666666667 0.11259259259259259
0 0.562109375 0.6508287037037038 0.021604166666666664 0.11750925925925926
0 0.685 0.5587037037037037 0.022447916666666668 0.07727777777777778
0 0.8045000000000001 0.5812962962962962 0.009520833333333334 0.009074074074074075
0 0.5231927083333334 0.5270509259259258 0.016614583333333332 0.10010185185185184
0 0.8063671874999999 0.5192546296296295 0.022630208333333336 0.08708333333333333
0 0.4522760416666667 0.5920925925925925 0.03723958333333333 0.11583333333333333
0 0.7024791666666667 0.5611759259259259 0.020520833333333332 0.11166666666666666
0 0.4836223958333334 0.6546574074074074 0.027036458333333332 0.12546296296296297
0 0.6833828125 0.6157824074074075 0.027567708333333333 0.11823148148148148
0 0.5898072916666667 0.6135 0.0175 0.11175925925925927
0 0.48617708333333337 0.5757592592592593 0.021041666666666667 0.08325925925925926
