0 0.8027083333333334 0.3584907407407408 0.025677083333333333 0.08092592592592593
0 0.07079687500000001 0.5201990740740742 0.027020833333333334 0.11586111111111111
0 0.47811458333333334 0.9472685185185186 0.036562500000000005 0.10546296296296297
0 0.14497395833333335 0.9733796296296297 0.03171875 0.05324074074074074
0 0.7430052083333333 0.5832638888888889 0.024479166666666666 0.10969444444444444
0 0.8433854166666668 0.3080277777777778 0.013697916666666667 0.08425925925925926
0 0.9270677083333333 0.41568518518518516 0.021875 0.10527777777777778
0 0.39355208333333336 0.45506481481481487 0.023489583333333335 0.09175925925925925
0 0.6445208333333333 0.621199074074074 0.025677083333333333 0.11732407407407407
0 0.7161666666666666 0.8397453703703703 0.031302083333333335 0.14287962962962963
0 0.3494791666666667 0.29581481481481475 0.021927083333333333 0.06833333333333333
