0 0.687640625 0.48823148148148143 0.017083333333333332 0.08094444444444444
0 0.69946875 0.5608981481481482 0.016145833333333335 0.11240740740740741
0 0.7477552083333333 0.5929675925925926 0.02109375 0.1158425925925926
0 0.7970026041666667 0.530837962962963 0.02459895833333333 0.11173148148148149
0 0.19493489583333332 0.46475925925925926 0.014536458333333334 0.10092592592592593
0 0.663203125 0.5244166666666666 0.015208333333333332 0.10842592592592593
0 0.5873489583333333 0.6242407407407407 0.03140625 0.08981481481481482
0 0.5505026041666666 0.6423333333333333 0.016859375 0.08592592592592592
0 0.4805104166666666 0.6347731481481482 0.005125 0.005287037037037037
0 0.5234947916666666 0.5262592592592593 0.01932291666666667 0.09953703703703703
0 0.50265625 0.3178240740740741 0.016666666666666666 0.08083333333333333
0 0.6865364583333332 0.6077685185185185 0.022187500000000002 0.11583333333333333
0 0.3567708333333333 0.26110185185185186 0.013541666666666667 0.07092592592592592
0 0.5360572916666667 0.6520925925925926 0.024635416666666667 0.12268518518518519
0 0.4843489583333333 0.6357407407407407 0.007447916666666667 0.017592592592592594
0 0.5618750000000001 0.6509722222222222 0.020989583333333332 0.11805555555555555
0 0.49462500000000004 0.6474074074074074 0.029531250000000002 0.12444444444444445
0 0.8014739583333333 0.5837962962962963 0.0047395833333333335 0.0044444444444444444
0 0.8074791666666667 0.6173842592592592 0.014020833333333335 0.11386111111111111
0 0.21237760416666665 0.7688981481481482 0.032171875 0.13192592592592592
0 0.6850182291666667 0.5372824074074074 0.017328125000000003 0.06143518518518518
0 0.49102083333333335 0.5671759259259259 0.014114583333333335 0.07712962962962963
0 0.4870989583333333 0.625462962962963 0.003958333333333333 0.010555555555555556
0 0.03620833333333333 0.6204074074074074 0.020989583333333332 0.11185185185185186
0 0.48265104166666667 0.5764398148148148 0.009489583333333333 0.08249074074074074
0 0.5448984375 0.6775509259259259 0.005619791666666666 0.012861111111111111
0 0.8216979166666667 0.5521111111111112 0.023114583333333334 0.09877777777777778
