0 0.036619791666666665 0.6198425925925927 0.020364583333333335 0.11175925925925927
0 0.6881510416666666 0.5288101851851852 0.014437499999999999 0.06384259259259259
0 0.5387343750000001 0.6511944444444444 0.02713541666666667 0.11722222222222221
0 0.5490546875 0.6608981481481483 0.009026041666666667 0.049222222222222216
0 0.7887552083333332 0.5340833333333334 0.0310625 0.11016666666666668
0 0.5873697916666667 0.6281944444444444 0.033125 0.08203703703703703
0 0.7020625 0.5973055555555555 0.0034166666666666664 0.04111111111111111
0 0.8214166666666667 0.5518055555555555 0.022864583333333334 0.09851851851851852
0 0.6998489583333334 0.5342824074074074 0.018125 0.06141666666666667
0 0.6954583333333333 0.5996666666666668 0.025729166666666668 0.1137962962962963
0 0.6956354166666666 0.4835509259259259 0.019583333333333335 0.07210185185185186
0 0.7462760416666667 0.5938564814814815 0.01890625 0.11389814814814815
0 0.21206770833333335 0.7688888888888888 0.03261458333333333 0.1318888888888889
0 0.5623437499999999 0.6511111111111112 0.021197916666666667 0.11731481481481482
0 0.52696875 0.5195555555555555 0.020729166666666667 0.09181481481481481
0 0.5517395833333334 0.6128518518518519 0.0160625 0.026685185185185187
0 0.35614583333333333 0.26101851851851854 0.012916666666666667 0.07148148148148148
0 0.8052812500000001 0.6186574074074074 0.01421875 0.11398148148148148
0 0.5068802083333332 0.6425462962962963 0.029739583333333333 0.12361111111111112
0 0.6669375 0.5227962962962963 0.021822916666666668 0.11203703703703703
0 0.48056770833333334 0.5877777777777777 0.019114583333333334 0.10166666666666667
0 0.5314401041666666 0.5836574074074075 0.029276041666666665 0.11601851851851852
0 0.519140625 0.5731851851851852 0.0027604166666666667 0.0025
0 0.47521874999999997 0.3123703703703704 0.01640625 0.07833333333333332
0 0.19411979166666668 0.46477777777777773 0.012552083333333333 0.1012037037037037
