0 0.6984192708333333 0.49808333333333327 0.020942708333333334 0.09685185185185184
0 0.21170312500000002 0.7693657407407407 0.03234375 0.13193518518518518
0 0.7016979166666667 0.5909444444444445 0.021145833333333332 0.11194444444444444
0 0.8217083333333334 0.5516111111111112 0.022604166666666665 0.10046296296296296
0 0.6622864583333334 0.522 0.016822916666666667 0.11175925925925927
0 0.5362500000000001 0.6484907407407408 0.020989583333333332 0.11953703703703702
0 0.7916015625 0.5331388888888889 0.03771354166666666 0.11083333333333334
0 0.3572239583333333 0.26125 0.01390625 0.07046296296296296
0 0.6985156250000001 0.533949074074074 0.012916666666666667 0.06093518518518519
0 0.4563072916666666 0.3100555555555556 0.022187500000000002 0.07685185185185185
0 0.690984375 0.5480555555555555 0.012239583333333333 0.10472222222222222
0 0.5542005208333334 0.6319444444444444 0.023557291666666664 0.10768518518518519
0 0.194296875 0.4648981481481481 0.013645833333333333 0.10074074074074074
0 0.5605130208333333 0.5749444444444445 0.03503645833333333 0.10874074074074074
0 0.5875885416666667 0.6280462962962964 0.033375 0.08188888888888889
0 0.03669270833333333 0.6205462962962963 0.01890625 0.11287037037037037
0 0.56221875 0.6514907407407408 0.020729166666666667 0.1162037037037037
0 0.5247604166666666 0.5230092592592592 0.02723958333333333 0.09898148148148149
0 0.6950442708333334 0.6145694444444445 0.0060260416666666665 0.0053055555555555555
0 0.5115364583333333 0.639712962962963 0.029270833333333336 0.1252777777777778
0 0.4732135416666667 0.5870555555555556 0.02041666666666667 0.10101851851851851
0 0.8048854166666666 0.6216944444444444 0.015156250000000001 0.11046296296296296
0 0.7449895833333333 0.5900787037037037 0.022500000000000003 0.11773148148148149
