0 0.5165989583333334 0.6338796296296296 0.029479166666666667 0.12287037037037037
0 0.60403125 0.5661203703703703 0.021979166666666668 0.1125
0 0.565375 0.5966574074074074 0.015416666666666667 0.06607407407407408
0 0.8061666666666666 0.6194074074074074 0.01598958333333333 0.11407407407407408
0 0.7136875 0.5766481481481481 0.02140625 0.10953703703703703
0 0.19321874999999997 0.4648333333333334 0.012708333333333332 0.10111111111111111
0 0.5238255208333333 0.5233888888888889 0.026828124999999998 0.10018518518518518
0 0.6972786458333334 0.5615509259259258 0.017484375 0.1121574074074074
0 0.5611875000000001 0.6521944444444444 0.021145833333333332 0.11907407407407407
0 0.6893229166666667 0.579712962962963 0.010104166666666666 0.04240740740740741
0 0.5678593749999999 0.6797407407407408 0.00678125 0.008425925925925925
0 0.6982786458333333 0.5091342592592593 0.011098958333333332 0.026583333333333334
0 0.21171354166666667 0.7691481481481481 0.031875 0.13155555555555556
0 0.538 0.640537037037037 0.0235 0.12022222222222223
0 0.691140625 0.5355416666666667 0.007385416666666667 0.03384259259259259
0 0.7140260416666667 0.4966805555555555 0.01578125 0.0935462962962963
0 0.5896979166666667 0.6206296296296298 0.02671875 0.09712962962962964
0 0.7973645833333334 0.5307129629629629 0.026354166666666668 0.1125
0 0.03626041666666667 0.6197175925925925 0.019114583333333334 0.11399074074074074
0 0.45678124999999997 0.5893981481481482 0.013802083333333333 0.10083333333333334
0 0.35804166666666665 0.26072222222222224 0.014739583333333334 0.0712962962962963
0 0.8137604166666665 0.5524907407407408 0.020104166666666666 0.09787037037037037
0 0.7375911458333333 0.5880555555555556 0.026942708333333332 0.11433333333333334
0 0.4290807291666666 0.30524074074074076 0.011630208333333333 0.07777777777777778
0 0.6560104166666666 0.5240925925925926 0.0171875 0.1112962962962963
