0 0.5458958333333334 0.6372222222222222 0.021041666666666667 0.11935185185185186
0 0.196453125 0.46491203703703704 0.012593749999999999 0.1021574074074074
0 0.8198515625 0.5749675925925926 0.007901041666666667 0.03228703703703704
0 0.5257265624999999 0.6299351851851852 0.026692708333333332 0.12305555555555556
0 0.4431822916666667 0.5934907407407408 0.020729166666666667 0.10314814814814816
0 0.52765625 0.5231759259259259 0.0271875 0.09944444444444445
0 0.21552604166666667 0.7690092592592592 0.0328125 0.13194444444444445
0 0.7013151041666668 0.5615833333333333 0.014994791666666667 0.11288888888888889
0 0.7319947916666667 0.5678518518518518 0.018510416666666665 0.1111111111111111
0 0.7049713541666666 0.5484953703703703 0.014265625 0.10480555555555555
0 0.7204635416666666 0.5029629629629631 0.01375 0.09944444444444445
0 0.6621927083333332 0.5224907407407408 0.021145833333333332 0.11138888888888888
0 0.7407552083333333 0.5868611111111112 0.020729166666666667 0.11564814814814815
0 0.5633229166666667 0.6564074074074073 0.02275 0.11966666666666667
0 0.813796875 0.5479999999999999 0.019895833333333335 0.08575925925925926
0 0.7432031250000001 0.6112777777777777 0.005416666666666667 0.01225925925925926
0 0.8153125 0.4996018518518518 0.010572916666666666 0.04733333333333333
0 0.40720312499999994 0.30318981481481483 0.02255208333333333 0.0781574074074074
0 0.6408958333333333 0.5566111111111111 0.024895833333333332 0.11222222222222222
0 0.041765625 0.61725 0.021302083333333333 0.11787037037037036
0 0.5896354166666666 0.6175648148148148 0.02276041666666667 0.12935185185185183
0 0.8039010416666666 0.5254444444444445 0.012395833333333333 0.020833333333333332
0 0.6978385416666666 0.5964537037037037 0.003625 0.005555555555555556
0 0.6052630208333334 0.6162037037037037 0.016828125000000003 0.1137962962962963
0 0.8077239583333333 0.6183796296296297 0.017812500000000002 0.11314814814814815
0 0.36069270833333333 0.26058333333333333 0.014479166666666666 0.07185185185185185
