0 0.5993958333333332 0.584125 0.024270833333333335 0.04978703703703704
0 0.5239479166666666 0.5240370370370371 0.025989583333333333 0.09759259259259259
0 0.6534114583333334 0.525537037037037 0.0203125 0.10977777777777778
0 0.6037187500000001 0.5805092592592592 0.011666666666666665 0.03244444444444444
0 0.3620052083333334 0.26446296296296296 0.014427083333333333 0.07055555555555555
0 0.3783489583333333 0.30163888888888885 0.01796875 0.07435185185185185
0 0.5393697916666668 0.6344259259259258 0.0203125 0.1174074074074074
0 0.8045625 0.5466388888888889 0.0171875 0.08829629629629629
0 0.058046875000000005 0.6128055555555556 0.024687499999999998 0.10546296296296297
0 0.43834375 0.5956018518518519 0.01953125 0.1024074074074074
0 0.6737968750000001 0.5453518518518519 0.028645833333333332 0.11064814814814815
0 0.6011875 0.6346203703703703 0.02354166666666667 0.0837962962962963
0 0.8009661458333334 0.6194444444444445 0.020932291666666665 0.11046296296296296
0 0.5178541666666666 0.6284166666666667 0.029604166666666668 0.12140740740740741
0 0.8139427083333334 0.5356388888888889 0.011666666666666665 0.11037037037037037
0 0.5667552083333333 0.6574074074074074 0.022187500000000002 0.11900000000000001
0 0.21699479166666666 0.7666481481481482 0.03171875 0.13
0 0.7324635416666666 0.5900740740740741 0.020833333333333332 0.11027777777777777
0 0.7092083333333333 0.547175925925926 0.01671875 0.1050925925925926
0 0.6958958333333333 0.5612962962962963 0.0171875 0.11194444444444444
0 0.19765104166666667 0.4658796296296296 0.012177083333333333 0.1
0 0.5982994791666666 0.6416481481481482 0.015359375 0.07377777777777779
0 0.747390625 0.556875 0.021041666666666667 0.10991666666666666
0 0.7156432291666667 0.503175925925926 0.013546875000000002 0.0967962962962963
