0 0.8102552083333332 0.5358703703703703 0.017552083333333336 0.11011111111111112
0 0.8011874999999999 0.6174074074074074 0.019895833333333335 0.11185185185185186
0 0.6002916666666667 0.6208148148148148 0.02372916666666667 0.11077777777777778
0 0.7550677083333334 0.5503796296296296 0.021083333333333332 0.1086111111111111
0 0.5228489583333333 0.5240185185185186 0.025677083333333333 0.09805555555555556
0 0.6532187500000001 0.5250462962962963 0.022447916666666668 0.11
0 0.36007812499999997 0.29724074074074075 0.015156250000000001 0.07287037037037038
0 0.7006093750000001 0.5880694444444444 0.0021145833333333333 0.0026203703703703706
0 0.7957656249999999 0.5549999999999999 0.019270833333333334 0.09925925925925926
0 0.06944270833333334 0.6047314814814815 0.021770833333333333 0.10675925925925926
0 0.3657708333333334 0.2645740740740741 0.013489583333333333 0.07148148148148148
0 0.7132239583333334 0.4805509259259259 0.015520833333333334 0.05449074074074074
0 0.7142812500000001 0.5417777777777778 0.01890625 0.10407407407407408
0 0.6953541666666666 0.56125 0.0159375 0.11212962962962962
0 0.5682864583333334 0.6582037037037037 0.026979166666666665 0.11777777777777779
0 0.5325182291666667 0.634324074074074 0.023234374999999998 0.11833333333333333
0 0.4394166666666666 0.5988518518518519 0.021666666666666667 0.10277777777777777
0 0.2192578125 0.765287037037037 0.02928645833333333 0.13277777777777777
0 0.701609375 0.5332037037037037 0.015729166666666666 0.10212962962962963
0 0.5153072916666667 0.6285972222222223 0.028270833333333335 0.12256481481481482
0 0.197078125 0.46584259259259253 0.012239583333333333 0.09981481481481481
0 0.73903125 0.5875648148148147 0.024635416666666667 0.1137037037037037
0 0.5912734374999999 0.622287037037037 0.02597395833333333 0.11972222222222223
