0 0.8049999999999999 0.5350462962962963 0.0125 0.10916666666666668
0 0.5636458333333334 0.6573611111111112 0.027083333333333334 0.11731481481481482
0 0.5916927083333333 0.6208333333333333 0.018281250000000002 0.11203703703703703
0 0.4365364583333333 0.5993981481481482 0.023489583333333335 0.10305555555555555
0 0.7017005208333333 0.5478009259259259 0.004276041666666667 0.005027777777777778
0 0.6506979166666667 0.5246574074074074 0.020833333333333332 0.10833333333333334
0 0.688359375 0.5606481481481481 0.01921875 0.11222222222222222
0 0.7528645833333333 0.5431944444444444 0.020625 0.1086111111111111
0 0.576796875 0.6278703703703704 0.021822916666666668 0.10481481481481482
0 0.7052083333333333 0.49292129629629633 0.013125 0.07473148148148148
0 0.5807552083333333 0.6073148148148148 0.005989583333333334 0.007222222222222222
0 0.08122395833333335 0.5963425925925926 0.02723958333333333 0.1125
0 0.36184375 0.2673333333333333 0.015625 0.06814814814814814
0 0.7183020833333333 0.537324074074074 0.024166666666666666 0.10046296296296296
0 0.7351041666666667 0.5884722222222222 0.02 0.11435185185185186
0 0.5105729166666667 0.627611111111111 0.028854166666666667 0.12255555555555557
0 0.5188307291666667 0.5232175925925926 0.025994791666666666 0.09932407407407406
0 0.7099088541666667 0.5302407407407407 0.01806770833333333 0.10712962962962963
0 0.7937291666666666 0.6173518518518518 0.016 0.11166666666666666
0 0.7893229166666667 0.5547685185185186 0.017708333333333333 0.09805555555555556
0 0.19401041666666666 0.46629629629629626 0.012604166666666666 0.09981481481481481
0 0.7202291666666667 0.5657268518518519 0.009791666666666667 0.02449074074074074
0 0.21924479166666666 0.7576388888888889 0.03078125 0.13027777777777777
0 0.5259114583333333 0.6331944444444445 0.02421875 0.11787037037037036
0 0.33791666666666664 0.2943518518518518 0.013541666666666667 0.07388888888888889
