0 0.5595052083333333 0.6574074074074074 0.026197916666666664 0.11592592592592593
0 0.2240625 0.7557870370370371 0.03697916666666667 0.13120370370370368
0 0.5131770833333333 0.522962962962963 0.0159375 0.09796296296296296
0 0.5238541666666667 0.6318981481481482 0.021041666666666667 0.11824074074074074
0 0.6847916666666667 0.560787037037037 0.0153125 0.11083333333333334
0 0.5731510416666665 0.6399074074074074 0.01703125 0.08666666666666666
0 0.7172656249999999 0.5249074074074074 0.02140625 0.10462962962962963
0 0.782890625 0.5523055555555556 0.018302083333333333 0.09112962962962963
0 0.751796875 0.5385648148148148 0.021614583333333333 0.1075
0 0.7870833333333334 0.6187037037037038 0.015000000000000001 0.1112962962962963
0 0.09018229166666666 0.5928703703703704 0.02765625 0.11
0 0.7273489583333334 0.5344259259259259 0.02265625 0.10166666666666667
0 0.5069010416666667 0.6269444444444444 0.028697916666666667 0.12222222222222222
0 0.1915625 0.4669907407407407 0.012812500000000001 0.09935185185185184
0 0.6428125 0.5263425925925926 0.02333333333333333 0.10916666666666668
0 0.5834479166666667 0.6226296296296296 0.015260416666666667 0.1125
0 0.35702083333333334 0.2681481481481482 0.014572916666666666 0.07135185185185186
0 0.32589583333333333 0.29547222222222225 0.01921875 0.0724074074074074
0 0.7315885416666668 0.5880092592592592 0.015885416666666666 0.11527777777777778
0 0.4342447916666667 0.5995370370370371 0.020572916666666666 0.1037037037037037
0 0.7029140625 0.5016898148148149 0.015421875 0.09356481481481481
0 0.7980937499999999 0.5348518518518518 0.015145833333333332 0.1111111111111111
