0 0.7379739583333333 0.47341666666666665 0.005927083333333334 0.01112962962962963
0 0.7223958333333333 0.5856018518518519 0.014583333333333334 0.1125
0 0.56365625 0.6282222222222222 0.019187500000000003 0.10377777777777777
0 0.7330338541666667 0.5265138888888888 0.014765625000000001 0.09773148148148147
0 0.517734375 0.6293981481481481 0.021927083333333333 0.1150925925925926
0 0.7813541666666666 0.5214629629629629 0.012083333333333333 0.08866666666666667
0 0.7845624999999999 0.5724444444444444 0.002625 0.006222222222222222
0 0.7485677083333333 0.5016666666666667 0.009947916666666667 0.033518518518518524
0 0.7431249999999999 0.5584537037037037 0.0022916666666666667 0.035240740740740746
0 0.773046875 0.5539351851851851 0.01609375 0.09490740740740741
0 0.5777291666666666 0.618175925925926 0.0129375 0.11288888888888889
0 0.29102083333333334 0.2970462962962963 0.015583333333333334 0.06361111111111112
0 0.7422395833333333 0.5313888888888889 0.018020833333333333 0.10351851851851851
0 0.5017291666666667 0.6247407407407408 0.025916666666666664 0.11903703703703704
0 0.5535677083333332 0.653888888888889 0.025364583333333336 0.11388888888888889
0 0.42765624999999996 0.5965740740740741 0.019583333333333335 0.10018518518518518
0 0.5187239583333333 0.5193055555555556 0.029739583333333333 0.09453703703703703
0 0.11109895833333333 0.5794814814814815 0.02802083333333333 0.10575925925925926
0 0.3521328125 0.27169907407407407 0.017442708333333334 0.06819444444444445
0 0.7047395833333333 0.5042129629629629 0.01625 0.09564814814814815
0 0.7816875 0.6149444444444444 0.020125 0.10833333333333334
0 0.19083333333333333 0.46726851851851847 0.010833333333333334 0.09861111111111111
0 0.6757291666666667 0.5595833333333333 0.017708333333333333 0.10898148148148148
0 0.73675 0.5580555555555555 0.005791666666666666 0.035925925925925924
0 0.732546875 0.48771296296296296 0.0054062500000000005 0.010796296296296297
0 0.23981770833333335 0.744 0.0193125 0.12866666666666668
0 0.6399739583333334 0.5234259259259259 0.01796875 0.10722222222222222
