0 0.51625 0.9066666666666666 0.04510416666666666 0.15074074074074076
0 0.1616640625 0.9438287037037036 0.03708854166666666 0.11234259259259259
0 0.5895572916666666 0.5712037037037037 0.025364583333333336 0.12685185185185185
0 0.41358333333333336 0.3919814814814815 0.027604166666666666 0.09314814814814815
0 0.40533854166666666 0.31763888888888886 0.01984375 0.08083333333333333
0 0.7020052083333334 0.7725462962962963 0.03796875 0.13694444444444445
0 0.05884374999999999 0.47649074074074077 0.029531250000000002 0.11972222222222223
0 0.699921875 0.2726851851851852 0.03348958333333333 0.0712962962962963
0 0.6994010416666666 0.5254629629629629 0.024010416666666666 0.1137037037037037
0 0.5403125000000001 0.32851851851851854 0.03697916666666667 0.07722222222222223
0 0.7781510416666666 0.33912037037037035 0.022447916666666668 0.09861111111111111
