0 0.5123958333333333 0.5180092592592593 0.016666666666666666 0.09583333333333334
0 0.6348437499999999 0.5243981481481482 0.025104166666666667 0.1050925925925926
0 0.558515625 0.619537037037037 0.018281250000000002 0.11814814814814814
0 0.6723177083333333 0.5580092592592594 0.014947916666666667 0.10731481481481482
0 0.35175520833333335 0.27167592592592593 0.0145625 0.06898148148148148
0 0.7805468750000001 0.6122685185185185 0.028281249999999997 0.10731481481481482
0 0.5107161458333332 0.6274305555555556 0.024244791666666664 0.11489814814814815
0 0.28325520833333334 0.2972222222222222 0.01890625 0.07055555555555555
0 0.18927083333333333 0.4666666666666667 0.012187499999999999 0.09833333333333334
0 0.778515625 0.5242592592592593 0.014322916666666666 0.09277777777777778
0 0.5009895833333333 0.6223148148148149 0.020625 0.11925925925925927
0 0.5722031249999999 0.6181018518518518 0.01625 0.11046296296296296
0 0.7175598958333335 0.4972037037037036 0.010432291666666668 0.028555555555555556
0 0.5505729166666667 0.6518981481481481 0.02645833333333333 0.11398148148148148
0 0.7186197916666667 0.5856944444444444 0.01546875 0.1086111111111111
0 0.09716145833333334 0.5762962962962963 0.02265625 0.10574074074074075
0 0.2554166666666667 0.7359722222222222 0.024166666666666666 0.1212037037037037
0 0.7694270833333333 0.5525 0.013541666666666667 0.09444444444444444
0 0.7297682291666666 0.48288425925925926 0.014109375 0.031824074074074074
0 0.743984375 0.5281944444444444 0.023489583333333335 0.10287037037037036
0 0.41408854166666664 0.5923611111111111 0.016822916666666667 0.10064814814814815
0 0.706796875 0.5046296296296297 0.01921875 0.09185185185185185
0 0.7732552083333334 0.5922546296296296 0.0056770833333333335 0.015064814814814814
0 0.7254088541666667 0.5262129629629629 0.018807291666666667 0.09675925925925925
