0 0.6370312499999999 0.5215277777777778 0.0203125 0.10694444444444444
0 0.7685520833333334 0.5756944444444444 0.005125 0.008240740740740741
0 0.7785208333333333 0.6123240740740741 0.028687499999999998 0.107
0 0.7107317708333334 0.5228564814814814 0.014088541666666668 0.10423148148148148
0 0.7202942708333333 0.5204398148148147 0.014828125 0.07856481481481481
0 0.73171875 0.5329166666666667 0.0190625 0.10342592592592594
0 0.6690364583333334 0.5567592592592592 0.020781249999999998 0.11074074074074074
0 0.257265625 0.7351851851851852 0.023385416666666665 0.1224074074074074
0 0.08859375 0.5757407407407407 0.020729166666666667 0.10648148148148148
0 0.7694010416666667 0.5529166666666666 0.01963541666666667 0.09731481481481481
0 0.18903645833333332 0.46949074074074076 0.015572916666666665 0.09675925925925925
0 0.5008072916666667 0.5904166666666667 0.018593750000000003 0.05453703703703704
0 0.7729869791666667 0.5925879629629629 0.0047552083333333335 0.018861111111111113
0 0.5670885416666667 0.618037037037037 0.017677083333333333 0.11101851851851853
0 0.34958333333333336 0.27111111111111114 0.013541666666666667 0.06962962962962964
0 0.7013177083333333 0.5070092592592592 0.014531249999999999 0.09166666666666666
0 0.5163359375 0.5197222222222222 0.01746354166666667 0.09462962962962963
0 0.7206770833333334 0.5843333333333334 0.0230625 0.11077777777777778
0 0.7755989583333334 0.5084722222222222 0.015364583333333333 0.06157407407407407
0 0.5581875000000001 0.6194074074074074 0.022125 0.11522222222222223
0 0.5067708333333333 0.6271296296296296 0.029375 0.11388888888888889
0 0.49415624999999996 0.6269444444444444 0.00390625 0.012777777777777779
0 0.259328125 0.29426851851851854 0.020364583333333335 0.07509259259259259
0 0.550703125 0.6594444444444445 0.021197916666666667 0.115
0 0.5038359375 0.6424166666666667 0.018994791666666667 0.07816666666666666
0 0.4045052083333333 0.5881944444444445 0.01942708333333333 0.09842592592592592
