0 0.7045052083333334 0.5214351851851852 0.020260416666666666 0.10250000000000001
0 0.25322916666666667 0.7353703703703705 0.022187500000000002 0.12333333333333332
0 0.49869270833333335 0.6017222222222223 0.0184375 0.05977777777777778
0 0.697421875 0.4970833333333334 0.012343749999999999 0.08212962962962964
0 0.7754375 0.6116666666666666 0.027375 0.10866666666666666
0 0.55959375 0.6751388888888888 0.0030416666666666665 0.00537037037037037
0 0.5079947916666667 0.6272222222222222 0.03380208333333334 0.11444444444444445
0 0.08334895833333333 0.5756574074074073 0.018125 0.10703703703703703
0 0.7606510416666666 0.555324074074074 0.016822916666666667 0.09583333333333334
0 0.39494010416666664 0.5865046296296296 0.015473958333333334 0.10010185185185184
0 0.7180989583333334 0.5843055555555555 0.020572916666666666 0.1112037037037037
0 0.7172916666666665 0.5198148148148148 0.0146875 0.07666666666666666
0 0.6658541666666667 0.5553148148148148 0.0155625 0.10966666666666666
0 0.7676979166666666 0.5920324074074074 0.004364583333333334 0.01450925925925926
0 0.5167708333333334 0.5196296296296296 0.01885416666666667 0.09592592592592591
0 0.76584375 0.5276620370370371 0.014624999999999999 0.09734259259259259
0 0.4995052083333333 0.6399074074074075 0.017343749999999998 0.07611111111111112
0 0.5636744791666666 0.6213240740740741 0.017890625 0.10844444444444445
0 0.184921875 0.4767592592592592 0.01921875 0.09314814814814815
0 0.24177864583333333 0.2945879629629629 0.018828124999999998 0.07187962962962963
0 0.34683072916666663 0.27137037037037043 0.014348958333333333 0.0686851851851852
0 0.7279166666666667 0.5321296296296296 0.022500000000000003 0.10537037037037036
0 0.5538437500000001 0.5998611111111112 0.0203125 0.0737962962962963
0 0.6329166666666667 0.5227314814814814 0.022083333333333333 0.10527777777777778
0 0.5502864583333335 0.6664814814814815 0.021510416666666664 0.11833333333333333
