0 0.5145572916666666 0.5183333333333333 0.01921875 0.0961111111111111
0 0.22570312499999998 0.2951388888888889 0.018177083333333333 0.07305555555555555
0 0.7309401041666668 0.5312870370370371 0.017713541666666666 0.10388888888888889
0 0.7566927083333332 0.5555740740740741 0.0161875 0.09566666666666666
0 0.6572916666666667 0.5565277777777777 0.0215625 0.10953703703703703
0 0.7142213541666667 0.5156018518518518 0.021359375 0.07509259259259259
0 0.5456406250000001 0.6168518518518519 0.01796875 0.10833333333333334
0 0.56225 0.6196111111111111 0.016749999999999998 0.11166666666666666
0 0.761234375 0.5269259259259259 0.01140625 0.09962962962962962
0 0.55109375 0.6724027777777777 0.0228125 0.11926851851851852
0 0.4915104166666666 0.6343518518518518 0.026875 0.11407407407407408
0 0.7140885416666667 0.5857870370370372 0.018281250000000002 0.10916666666666668
0 0.08244791666666668 0.5768981481481481 0.01875 0.10564814814814814
0 0.70140625 0.5234259259259259 0.02020833333333333 0.10518518518518517
0 0.5098046875 0.6295972222222221 0.028151041666666664 0.11186111111111112
0 0.6343489583333334 0.5202314814814815 0.020989583333333332 0.1063888888888889
0 0.25078125 0.7344907407407407 0.021770833333333333 0.12305555555555556
0 0.7726041666666668 0.6113888888888889 0.0278125 0.10833333333333334
0 0.6946093750000001 0.47717592592592595 0.011614583333333334 0.048796296296296296
0 0.18252604166666667 0.48541666666666666 0.020885416666666667 0.09305555555555556
0 0.3456927083333333 0.27049074074074075 0.01390625 0.0674074074074074
0 0.38283854166666664 0.5839351851851852 0.021510416666666664 0.09842592592592592
