0 0.24927864583333334 0.733162037037037 0.02177604166666667 0.12249074074074073
0 0.4917187499999999 0.6317777777777778 0.0380625 0.09355555555555556
0 0.7543749999999999 0.5537037037037037 0.015416666666666667 0.0962962962962963
0 0.1832552083333333 0.4936574074074074 0.020468749999999997 0.09564814814814815
0 0.7622447916666667 0.5703009259259259 0.007093749999999999 0.03337962962962963
0 0.5105260416666667 0.6306481481481482 0.03655208333333334 0.115
0 0.5070833333333333 0.6191203703703705 0.0046875 0.016574074074074074
0 0.6317708333333333 0.5220833333333333 0.0209375 0.10361111111111111
0 0.76875 0.6093518518518519 0.022708333333333334 0.10851851851851853
0 0.34376562499999996 0.26989814814814816 0.01484375 0.06759259259259259
0 0.5620625 0.664324074074074 0.0025 0.02325925925925926
0 0.3736197916666667 0.5797222222222222 0.018489583333333334 0.09722222222222222
0 0.712734375 0.5838425925925926 0.017447916666666667 0.10916666666666668
0 0.5601770833333333 0.6043333333333333 0.01375 0.07314814814814814
0 0.6931510416666666 0.4792592592592593 0.011510416666666667 0.04833333333333334
0 0.7004687500000001 0.5212962962962963 0.0215625 0.1037037037037037
0 0.5538072916666666 0.6739444444444443 0.023489583333333335 0.11675925925925926
0 0.7586822916666667 0.5152083333333334 0.010677083333333334 0.0751388888888889
0 0.51034375 0.5165185185185186 0.018489583333333334 0.09555555555555556
0 0.7120572916666668 0.5024537037037037 0.013177083333333334 0.05731481481481481
0 0.7242057291666666 0.5315740740740741 0.018932291666666667 0.10351851851851851
0 0.21239062499999997 0.29576851851851854 0.017927083333333333 0.06874074074074074
0 0.07950520833333334 0.5749537037037038 0.017760416666666667 0.1062037037037037
0 0.5489583333333333 0.6231018518518519 0.023020833333333334 0.11064814814814815
0 0.6550572916666666 0.5552037037037038 0.02015625 0.10962962962962963
