0 0.7561666666666668 0.5313611111111111 0.01578125 0.10987037037037037
0 0.1846875 0.5031944444444445 0.021875 0.09675925925925925
0 0.7194869791666666 0.5183333333333334 0.019776041666666667 0.08166666666666667
0 0.7525260416666667 0.5858796296296296 0.003072916666666667 0.003425925925925926
0 0.7109375 0.5025555555555555 0.0125 0.05577777777777778
0 0.7132760416666667 0.5848425925925926 0.0195 0.10987037037037037
0 0.693609375 0.5402453703703703 0.007864583333333333 0.02123148148148148
0 0.5722135416666666 0.670037037037037 0.00296875 0.014518518518518517
0 0.504578125 0.6255138888888888 0.03978125 0.10208333333333333
0 0.5705989583333333 0.6101388888888889 0.017447916666666667 0.060833333333333336
0 0.5603385416666666 0.6322685185185185 0.003177083333333333 0.009907407407407406
0 0.5839479166666667 0.6619259259259259 0.008125 0.02981481481481482
0 0.6323437500000001 0.5220370370370371 0.022083333333333333 0.10222222222222223
0 0.7681510416666667 0.6100000000000001 0.017135416666666667 0.10685185185185185
0 0.08032291666666666 0.5747592592592593 0.018541666666666668 0.10592592592592594
0 0.510234375 0.5148611111111112 0.02578125 0.09342592592592593
0 0.6925260416666668 0.5223148148148148 0.03307291666666667 0.09722222222222222
0 0.74890625 0.5549537037037037 0.0184375 0.09675925925925925
0 0.24955729166666668 0.7336574074074074 0.02140625 0.12324074074074073
0 0.5647135416666667 0.68125 0.02359375 0.11861111111111111
0 0.7234635416666666 0.5776111111111111 0.0019270833333333334 0.007925925925925927
0 0.23815104166666667 0.3000462962962963 0.03598958333333333 0.062129629629629625
0 0.3644427083333333 0.5775509259259259 0.015552083333333333 0.09749074074074075
0 0.5338802083333333 0.6386111111111111 0.030885416666666665 0.09907407407407408
0 0.5874427083333333 0.6391944444444444 0.026239583333333334 0.11138888888888888
0 0.6882499999999999 0.4816944444444445 0.012354166666666666 0.048518518518518516
0 0.6553906250000001 0.5556018518518518 0.021822916666666668 0.11046296296296296
0 0.34203124999999995 0.26990740740740743 0.016041666666666666 0.06777777777777778
