0 0.7085 0.5602685185185186 0.004145833333333333 0.025944444444444444
0 0.35723958333333333 0.5759537037037037 0.021114583333333332 0.0989074074074074
0 0.5642005208333333 0.6748148148148148 0.0025677083333333333 0.021296296296296296
0 0.6669817708333333 0.5221990740740741 0.032630208333333334 0.09578703703703705
0 0.18598437499999998 0.5099305555555556 0.020374999999999997 0.0964351851851852
0 0.5161119791666667 0.5056944444444444 0.026942708333333332 0.09527777777777778
0 0.3404010416666667 0.2690185185185185 0.015177083333333334 0.0684074074074074
0 0.7090807291666666 0.5295046296296296 0.021807291666666666 0.10506481481481482
0 0.619640625 0.5202592592592593 0.03655208333333334 0.10403703703703704
0 0.6358177083333333 0.6101527777777778 0.0038229166666666667 0.007657407407407407
0 0.6837552083333335 0.5020370370370371 0.03113541666666667 0.08518518518518518
0 0.2764375 0.30317592592592596 0.028083333333333335 0.06061111111111111
0 0.7701822916666666 0.610087962962963 0.025989583333333333 0.10945370370370369
0 0.5708020833333334 0.6873981481481481 0.030791666666666665 0.11983333333333332
0 0.7043619791666667 0.5066898148148148 0.012578124999999999 0.06225000000000001
0 0.6242968750000001 0.6616203703703704 0.009322916666666665 0.01712962962962963
0 0.6077760416666667 0.6248703703703704 0.03190625 0.09581481481481482
0 0.7520026041666666 0.5807916666666667 0.007244791666666667 0.015657407407407408
0 0.7146562499999999 0.5820833333333333 0.019114583333333334 0.11066666666666666
0 0.5508619791666667 0.6644212962962963 0.027453125000000002 0.04837962962962963
0 0.49861979166666665 0.6117870370370371 0.031302083333333335 0.1032037037037037
0 0.24984375 0.7335416666666665 0.022291666666666664 0.12302777777777778
0 0.7497005208333333 0.5558333333333334 0.020234375000000002 0.09672222222222222
0 0.08043489583333334 0.5750925925925926 0.018817708333333336 0.10851851851851853
0 0.6503411458333334 0.5547824074074074 0.028796875 0.10723148148148148
0 0.6292473958333333 0.6399675925925925 0.042755208333333336 0.10784259259259259
0 0.7543307291666667 0.5272083333333333 0.015515625 0.10108333333333333
