0 0.29725260416666666 0.40675 0.029557291666666666 0.14514814814814814
0 0.3418541666666667 0.5927083333333333 0.006500000000000001 0.01439814814814815
0 0.286734375 0.43898611111111113 0.046843749999999997 0.17223148148148149
0 0.21169270833333334 0.5805185185185185 0.06015625 0.17396296296296296
0 0.5415651041666666 0.4606759259259259 0.012494791666666666 0.013462962962962963
0 0.40070833333333333 0.48384259259259255 0.03340625 0.16864814814814813
0 0.3396901041666667 0.5704907407407407 0.05593229166666667 0.16414814814814815
0 0.5249609375000001 0.3656898148148149 0.009578125 0.0801574074074074
0 0.3406328125 0.6122361111111111 0.004046875 0.014138888888888888
0 0.29653645833333336 0.7293935185185185 0.05140625 0.0691574074074074
0 0.5275416666666667 0.44232407407407404 0.002927083333333333 0.011222222222222222
0 0.2894791666666667 0.477824074074074 0.011177083333333334 0.020203703703703703
0 0.5447291666666667 0.3785046296296296 0.01925 0.15780555555555556
0 0.4544140625 0.5374722222222222 0.039338541666666664 0.1558888888888889
0 0.32943229166666665 0.5298842592592592 0.03229166666666667 0.1378611111111111
0 0.14461718750000002 0.3752314814814815 0.030244791666666666 0.08453703703703704
0 0.08424479166666667 0.6879259259259258 0.04677083333333333 0.20307407407407407
0 0.3418567708333333 0.6095648148148148 0.013609375 0.03492592592592592
0 0.3233984375 0.5720601851851852 0.006880208333333334 0.09136111111111112
0 0.2739713541666667 0.39805555555555555 0.004921875 0.02537037037037037
0 0.22565104166666666 0.4382962962962963 0.04234375 0.16507407407407407
0 0.5996067708333332 0.7997685185185185 0.057005208333333335 0.19694444444444442
0 0.33153385416666664 0.6174490740740741 0.006536458333333333 0.036472222222222225
0 0.33040885416666665 0.4835787037037037 0.030348958333333335 0.07784259259259259
