0 0.08734375 0.9403518518518519 0.05023958333333333 0.11896296296296295
0 0.3409817708333333 0.6819444444444445 0.033734375 0.16740740740740742
0 0.054453125 0.5652962962962963 0.03276041666666667 0.15837037037037036
0 0.3839140625 0.7522685185185185 0.002932291666666667 0.01601851851851852
0 0.08616145833333334 0.4404166666666667 0.04357291666666666 0.14546296296296296
0 0.650046875 0.37002314814814813 0.039468750000000004 0.08652777777777779
0 0.3692317708333333 0.7406388888888888 0.013411458333333333 0.04368518518518519
0 0.377109375 0.6886759259259259 0.034083333333333334 0.1869259259259259
0 0.6439427083333334 0.3004351851851852 0.03871875 0.047518518518518515
0 0.335234375 0.47993518518518524 0.027864583333333335 0.14912962962962964
0 0.3770833333333333 0.759212962962963 0.0026041666666666665 0.006388888888888889
0 0.13626302083333333 0.46214351851851854 0.046848958333333336 0.16150925925925927
0 0.3981822916666667 0.7107916666666666 0.02040625 0.08397222222222223
0 0.008703125 0.10809722222222222 0.01740625 0.1103611111111111
