0 0.4170208333333333 0.7026481481481481 0.0234375 0.08455555555555555
0 0.39745312499999996 0.6794212962962963 0.02740625 0.16856481481481483
0 0.39780468750000003 0.7190972222222223 0.009067708333333334 0.025342592592592594
0 0.34781249999999997 0.4947592592592593 0.023958333333333335 0.14324074074074072
0 0.36408072916666673 0.6712499999999999 0.03496354166666667 0.16027777777777777
0 0.6143828125 0.41904166666666665 0.0060260416666666665 0.012527777777777777
0 0.62578125 0.4030509259259259 0.005729166666666666 0.02537962962962963
0 0.0483125 0.1258425925925926 0.022083333333333333 0.10312962962962963
0 0.13761979166666669 0.4745972222222223 0.029760416666666668 0.15560185185185185
0 0.6250260416666668 0.35083333333333333 0.003802083333333333 0.05814814814814814
0 0.0543515625 0.5757407407407408 0.033671875000000004 0.1512962962962963
0 0.07367447916666667 0.9428240740740741 0.04644270833333333 0.11435185185185186
0 0.07138020833333333 0.45363888888888887 0.03609375 0.14524074074074075
0 0.6105104166666667 0.3437824074074074 0.026479166666666668 0.10502777777777779
