0 0.4536744791666667 0.865111111111111 0.03484895833333333 0.1602222222222222
0 0.4424921875 0.5442592592592592 0.026026041666666666 0.1237037037037037
0 0.990390625 0.5759490740740741 0.01921875 0.1283425925925926
0 0.021156249999999998 0.9346388888888889 0.03978125 0.1303888888888889
0 0.46312239583333337 0.385412037037037 0.031984374999999995 0.09423148148148147
0 0.6204088541666668 0.7471481481481481 0.032588541666666665 0.14818518518518517
0 0.5651822916666667 0.31716666666666665 0.02628125 0.0799074074074074
0 0.4409869791666667 0.38089351851851855 0.03511979166666667 0.09308333333333334
0 0.6090468750000001 0.5001527777777778 0.03773958333333333 0.09678703703703703
0 0.6926067708333333 0.9822962962962962 0.026890625 0.03540740740740741
0 0.5000520833333334 0.29098148148148145 0.0278125 0.07640740740740741
0 0.27348958333333334 0.38675925925925925 0.019979166666666666 0.10777777777777778
