0 0.20091145833333332 0.46289814814814817 0.024947916666666667 0.14212962962962963
0 0.45640104166666673 0.643537037037037 0.028739583333333332 0.1502962962962963
0 0.419890625 0.6356203703703704 0.028635416666666667 0.14524074074074075
0 0.1359375 0.5566620370370371 0.0284375 0.13975
0 0.14170312499999999 0.4464768518518518 0.03285416666666666 0.13487962962962963
0 0.6371588541666667 0.3596666666666667 0.03765104166666667 0.11622222222222221
0 0.47599739583333334 0.6625 0.018807291666666667 0.0712962962962963
0 0.4575755208333333 0.687976851851852 0.015682291666666667 0.04039814814814815
0 0.022861979166666664 0.6048657407407407 0.033953125 0.15306481481481482
0 0.14056770833333332 0.923300925925926 0.03373958333333334 0.15339814814814814
0 0.14229427083333332 0.13625925925925925 0.018223958333333335 0.08951851851851853
0 0.41026822916666666 0.4863101851851852 0.026036458333333335 0.12947222222222224
