0 0.25135677083333335 0.4514722222222222 0.03490104166666667 0.13418518518518519
0 0.0849296875 0.5831018518518518 0.043140625 0.14303703703703702
0 0.5048828125 0.6595648148148149 0.011328125 0.043944444444444446
0 0.5039348958333333 0.619287037037037 0.026567708333333332 0.14400000000000002
0 0.18825260416666667 0.5433796296296296 0.03515104166666667 0.1313888888888889
0 0.46856770833333333 0.6111064814814815 0.031822916666666666 0.13815740740740742
0 0.5201458333333334 0.6374675925925927 0.017520833333333333 0.07215740740740742
0 0.45896875000000004 0.480824074074074 0.02290625 0.12168518518518517
0 0.19888281249999998 0.43574537037037037 0.029317708333333335 0.12610185185185185
0 0.6600859375 0.3546944444444445 0.033401041666666666 0.10942592592592593
0 0.1912708333333333 0.906587962962963 0.03036458333333333 0.17928703703703702
0 0.21213020833333332 0.14070833333333332 0.01915625 0.08234259259259259
