0 0.14261197916666665 0.5608657407407408 0.028869791666666665 0.14069444444444443
0 0.4987578125 0.5861805555555556 0.028734375 0.13299074074074074
0 0.5450520833333333 0.5913472222222222 0.03177083333333333 0.14380555555555555
0 0.5418151041666667 0.6466203703703703 0.004317708333333333 0.007296296296296296
0 0.27812760416666665 0.1433611111111111 0.016359375 0.07766666666666666
0 0.23692708333333332 0.5245046296296296 0.030104166666666664 0.12376851851851851
0 0.2356875 0.8789074074074075 0.034312499999999996 0.17144444444444445
0 0.2504427083333333 0.4277916666666667 0.0338125 0.11687962962962964
0 0.6719166666666666 0.3456666666666667 0.03284375 0.10981481481481481
0 0.55753125 0.6092129629629629 0.0064375 0.08268518518518518
0 0.5397421875 0.5488333333333334 0.006869791666666666 0.014333333333333333
0 0.29108072916666666 0.4408564814814815 0.03405729166666667 0.12708333333333333
0 0.5471927083333333 0.6313796296296296 0.003239583333333333 0.030759259259259257
0 0.5065338541666666 0.474 0.024119791666666668 0.11474074074074074
