0 0.2969375 0.5137962962962963 0.030583333333333334 0.11574074074074074
0 0.5898984375 0.5699351851851852 0.024703125 0.1152962962962963
0 0.2921875 0.8443287037037037 0.03145833333333333 0.15426851851851853
0 0.36109375000000005 0.15493518518518518 0.012187499999999999 0.07264814814814814
0 0.5543515625000001 0.4700648148148148 0.020578125 0.10587037037037038
0 0.605421875 0.5655092592592592 0.01865625 0.1337962962962963
0 0.20748697916666667 0.5401435185185184 0.032505208333333334 0.12717592592592591
0 0.34236197916666666 0.4303148148148148 0.026567708333333332 0.11774074074074074
0 0.6933776041666667 0.3464490740740741 0.027244791666666667 0.10493518518518519
0 0.54515625 0.5616481481481482 0.026875 0.12401851851851851
0 0.0047005208333333335 0.3819953703703704 0.009401041666666667 0.09687962962962962
0 0.31151822916666666 0.42304166666666665 0.018015625 0.11108333333333333
0 0.023223958333333336 0.5694537037037037 0.023114583333333334 0.11777777777777779
