0 0.7926536458333333 0.42064814814814816 0.02099479166666667 0.08925925925925926
0 0.7462447916666667 0.3472314814814815 0.019989583333333335 0.08557407407407408
0 0.51734375 0.9562037037037038 0.03114583333333333 0.08759259259259258
0 0.46736197916666666 0.07322685185185186 0.012848958333333334 0.05923148148148148
0 0.262046875 0.33238425925925924 0.025385416666666667 0.08810185185185186
0 0.6123958333333335 0.16374074074074074 0.0168125 0.05875925925925926
0 0.5087682291666666 0.5845648148148148 0.035640625 0.10322222222222223
0 0.12940104166666666 0.4599583333333333 0.017322916666666667 0.10399074074074074
0 0.9732031250000001 0.5245324074074074 0.023583333333333335 0.11019444444444446
0 0.910390625 0.2446898148148148 0.023072916666666665 0.07099074074074074
0 0.9487552083333333 0.6183055555555556 0.02665625 0.11994444444444444
0 0.9979479166666666 0.4343101851851852 0.0041041666666666666 0.017583333333333333
0 0.6083776041666666 0.41330555555555554 0.023328124999999998 0.09264814814814815
0 0.5358098958333334 0.5407083333333332 0.020734375000000003 0.10793518518518518
