0 0.6038020833333333 0.16569444444444442 0.016145833333333335 0.06824074074074074
0 0.7502604166666667 0.331712962962963 0.014583333333333334 0.08712962962962963
0 0.5315052083333334 0.9900185185185185 0.0105625 0.01996296296296296
0 0.3090963541666667 0.3196759259259259 0.023796875 0.09203703703703704
0 0.5665364583333333 0.3991203703703704 0.025885416666666668 0.1000925925925926
0 0.627171875 0.5403148148148148 0.029375 0.11601851851851852
0 0.4437083333333333 0.10185185185185185 0.019791666666666666 0.06564814814814815
0 0.7690364583333333 0.3978703703703704 0.021927083333333333 0.09759259259259259
0 0.10320312499999999 0.5213888888888889 0.022864583333333334 0.11796296296296296
0 0.9647916666666666 0.6218518518518519 0.0235 0.12133333333333332
0 0.6279583333333334 0.643425925925926 0.029187499999999998 0.11888888888888889
0 0.9930468749999999 0.2702314814814815 0.01390625 0.05805555555555556
