0 0.7137760416666666 0.39314814814814814 0.02265625 0.08648148148148149
0 0.9887499999999999 0.4807407407407408 0.022500000000000003 0.10422222222222223
0 0.08218750000000001 0.5455555555555556 0.030520833333333334 0.1175925925925926
0 0.4123307291666667 0.12425 0.018713541666666667 0.06794444444444445
0 0.5627343749999999 0.1787314814814815 0.02273958333333333 0.06312962962962963
0 0.9300416666666667 0.6102083333333334 0.023583333333333335 0.11808333333333333
0 0.6528385416666667 0.6556481481481482 0.024947916666666667 0.11925925925925927
0 0.3049296875 0.3271851851851852 0.030432291666666667 0.08524074074074074
0 0.9958333333333333 0.26541666666666663 0.008333333333333333 0.0799074074074074
0 0.7186197916666667 0.32097222222222227 0.02109375 0.07935185185185185
0 0.5207890625 0.9986574074074074 0.004901041666666666 0.002685185185185185
0 0.530859375 0.3964814814814815 0.022239583333333333 0.0962962962962963
0 0.6362760416666667 0.5353703703703703 0.029645833333333333 0.11605555555555556
0 0.979765625 0.4176388888888889 0.017760416666666667 0.09305555555555556
