0 0.9966145833333333 0.2759861111111111 0.0067708333333333336 0.060675925925925925
0 0.9979166666666667 0.48259259259259263 0.004166666666666667 0.02351851851851852
0 0.4644010416666667 0.42374999999999996 0.01953125 0.09657407407407408
0 0.7051822916666667 0.5800462962962963 0.026197916666666664 0.11990740740740741
0 0.7286979166666667 0.40101851851851855 0.020729166666666667 0.08851851851851851
0 0.4698359375 0.2182592592592593 0.018296875 0.07166666666666667
0 0.9849479166666666 0.21574074074074073 0.025833333333333333 0.07185185185185185
0 0.9456770833333333 0.6474537037037037 0.0284375 0.12916666666666668
0 0.7033229166666667 0.7387407407407408 0.0301875 0.1328888888888889
0 0.010471354166666667 0.6295046296296296 0.020942708333333334 0.1333240740740741
0 0.3577734375 0.17743518518518517 0.023651041666666664 0.07035185185185186
0 0.215234375 0.3500925925925926 0.021927083333333333 0.10018518518518518
0 0.6248489583333333 0.3163518518518519 0.016614583333333332 0.07972222222222222
0 0.9488229166666666 0.4318518518518518 0.021979166666666668 0.0912037037037037
