0 0.9475781249999999 0.4311111111111111 0.026093750000000002 0.09074074074074075
0 0.9983567708333333 0.29583333333333334 0.003286458333333333 0.007314814814814815
0 0.7232916666666667 0.7529907407407408 0.034375 0.1300925925925926
0 0.011341145833333333 0.6421574074074073 0.022682291666666667 0.13564814814814816
0 0.4576822916666667 0.4252314814814815 0.02421875 0.09509259259259259
0 0.4688802083333333 0.23249999999999998 0.014322916666666666 0.06962962962962964
0 0.9627083333333333 0.6544907407407408 0.02354166666666667 0.12712962962962965
0 0.732890625 0.5885185185185184 0.028385416666666666 0.12833333333333333
0 0.20227083333333334 0.3557222222222222 0.024687499999999998 0.09490740740740741
0 0.9745572916666667 0.22680555555555554 0.026302083333333334 0.06898148148148148
0 0.7512239583333333 0.3990740740740741 0.022239583333333333 0.08907407407407408
0 0.34763020833333336 0.18444444444444444 0.018593750000000003 0.07703703703703704
0 0.604625 0.3143564814814815 0.025291666666666667 0.08058333333333334
