0 0.5824739583333334 0.3123611111111111 0.02723958333333333 0.07675925925925926
0 0.7286223958333333 0.762574074074074 0.030411458333333332 0.13294444444444445
0 0.19223958333333335 0.35773148148148143 0.0265625 0.0937962962962963
0 0.9686197916666667 0.6580555555555555 0.026822916666666665 0.11925925925925927
0 0.9988932291666667 0.32581481481481483 0.0022135416666666666 0.006999999999999999
0 0.006802083333333334 0.6610277777777778 0.013604166666666667 0.11322222222222222
0 0.9385026041666666 0.42377314814814815 0.020953125 0.09132407407407407
0 0.7713697916666667 0.39345833333333335 0.018375 0.08680555555555555
0 0.44486979166666674 0.42685185185185187 0.022864583333333334 0.10185185185185185
0 0.9953697916666667 0.2811064814814815 0.009260416666666667 0.058879629629629636
0 0.7549583333333334 0.5908148148148149 0.02775 0.12711111111111112
0 0.9533229166666667 0.23435185185185184 0.0179375 0.06922222222222223
0 0.46816145833333334 0.23879629629629628 0.0198125 0.06874074074074074
0 0.33694270833333334 0.19593981481481482 0.026510416666666665 0.07176851851851852
