0 0.16539062499999999 0.6637962962962963 0.03401041666666667 0.14351851851851852
0 0.4271614583333333 0.36333333333333334 0.00796875 0.015370370370370371
0 0.8768515625000001 0.6454074074074073 0.027901041666666668 0.14048148148148148
0 0.030526041666666667 0.39918055555555554 0.008322916666666668 0.010583333333333333
0 0.5732317708333333 0.7726064814814815 0.031109374999999998 0.15212037037037035
0 0.7080677083333333 0.5607638888888888 0.040177083333333335 0.13075
0 0.19182291666666668 0.3257962962962963 0.0325625 0.109
0 0.4384895833333333 0.3725462962962963 0.034791666666666665 0.09305555555555556
0 0.5708229166666665 0.3941296296296296 0.0238125 0.10788888888888888
0 0.43942708333333336 0.28851851851851856 0.004270833333333333 0.009444444444444445
0 0.026291666666666668 0.43513888888888885 0.027604166666666666 0.11920370370370371
0 0.7398307291666666 0.5109259259259259 0.04106770833333333 0.11259259259259259
0 0.44536458333333334 0.3145833333333333 0.023020833333333334 0.0849074074074074
0 0.4088671875 0.559412037037037 0.026723958333333336 0.1326388888888889
0 0.8875052083333334 0.4219537037037037 0.024947916666666667 0.11846296296296296
0 0.6700182291666666 0.4123425925925926 0.038098958333333335 0.11946296296296298
0 0.018104166666666668 0.3464861111111111 0.036000000000000004 0.07037962962962964
0 0.4214739583333333 0.3228425925925926 0.03520833333333333 0.08357407407407408
