0 0.3301119791666667 0.19671296296296295 0.022619791666666667 0.0737962962962963
0 0.4379166666666667 0.4260648148148148 0.022500000000000003 0.09620370370370371
0 0.9945781250000001 0.28622685185185187 0.010843750000000001 0.06545370370370371
0 0.9314583333333333 0.4156018518518519 0.020625 0.08398148148148149
0 0.7650416666666667 0.5878101851851852 0.02655208333333333 0.12560185185185185
0 0.468828125 0.2411574074074074 0.018593750000000003 0.06861111111111111
0 0.7775520833333334 0.3915277777777778 0.0196875 0.09583333333333334
0 0.5715104166666667 0.3124074074074074 0.0278125 0.08166666666666667
0 0.9435416666666667 0.235 0.028854166666666667 0.07148148148148148
0 0.9707291666666666 0.6558333333333333 0.028645833333333332 0.12833333333333333
0 0.7293854166666666 0.765962962962963 0.0315625 0.132
0 0.18497395833333335 0.35685185185185186 0.02296875 0.09962962962962962
