0 0.5626041666666667 0.3080555555555556 0.026875 0.0724074074074074
0 0.7283229166666667 0.7582407407407408 0.0311875 0.13099999999999998
0 0.9875260416666667 0.2894907407407407 0.024947916666666667 0.07768518518518519
0 0.3195677083333333 0.19740277777777776 0.01944791666666667 0.07869444444444444
0 0.7851979166666666 0.3827638888888889 0.021697916666666664 0.08739814814814816
0 0.42817968749999996 0.42354166666666665 0.019723958333333333 0.10347222222222222
0 0.9746874999999999 0.6550462962962963 0.029791666666666668 0.12305555555555556
0 0.9198229166666667 0.4111851851851852 0.025437500000000002 0.09288888888888888
0 0.17538020833333332 0.3540231481481481 0.02405208333333333 0.09271296296296296
0 0.9292708333333334 0.23875000000000002 0.013333333333333334 0.07083333333333333
0 0.7766354166666667 0.590574074074074 0.0200625 0.1221111111111111
0 0.46796875 0.24657407407407408 0.019895833333333335 0.06537037037037037
