0 0.9186223958333334 0.23912037037037037 0.028473958333333334 0.07203703703703704
0 0.5608854166666667 0.3033333333333333 0.021249999999999998 0.07814814814814815
0 0.3089375 0.20116666666666666 0.02315625 0.07462962962962963
0 0.1675 0.352962962962963 0.02354166666666667 0.09592592592592591
0 0.47033854166666667 0.2503240740740741 0.022135416666666668 0.0675
0 0.9079791666666668 0.40401851851851855 0.02025 0.087
0 0.4209479166666667 0.4210185185185185 0.0228125 0.09477777777777778
0 0.7901562500000001 0.3808333333333333 0.0196875 0.09703703703703703
0 0.72746875 0.7559398148148148 0.030000000000000002 0.13839814814814816
0 0.9786041666666667 0.290875 0.024374999999999997 0.07973148148148149
0 0.9749713541666666 0.6544166666666666 0.023088541666666667 0.12357407407407409
0 0.7836666666666666 0.5872962962962963 0.021374999999999998 0.1308888888888889
