0 0.7916666666666666 0.37277777777777776 0.021249999999999998 0.08962962962962963
0 0.5564583333333333 0.2950925925925926 0.021458333333333336 0.0762962962962963
0 0.8880104166666667 0.3932407407407407 0.0230625 0.08033333333333334
0 0.9577291666666666 0.28874074074074074 0.02325 0.07977777777777778
0 0.9724192708333332 0.6523657407407407 0.026244791666666666 0.12206481481481482
0 0.7948177083333334 0.5850092592592593 0.02775 0.12266666666666666
0 0.1519296875 0.3517268518518519 0.024494791666666668 0.09491666666666668
0 0.893984375 0.2452314814814815 0.021614583333333333 0.07101851851851852
0 0.2959088541666667 0.2071435185185185 0.024630208333333334 0.07260185185185185
0 0.7244661458333332 0.7519398148148149 0.02490104166666667 0.13119444444444445
0 0.4729947916666667 0.2525925925925926 0.020260416666666666 0.07388888888888889
0 0.4059791666666666 0.42079629629629633 0.0205 0.10344444444444445
