0 0.9361979166666666 0.2885185185185185 0.029270833333333336 0.08407407407407406
0 0.794296875 0.3618981481481482 0.023489583333333335 0.08435185185185184
0 0.2844921875 0.20500000000000002 0.020859375 0.07962962962962963
0 0.55671875 0.2957407407407407 0.020520833333333332 0.07203703703703704
0 0.9669791666666666 0.6484722222222222 0.028645833333333332 0.1275
0 0.14294270833333333 0.3506944444444444 0.01765625 0.09990740740740742
0 0.39283854166666665 0.4190277777777778 0.023072916666666665 0.09601851851851852
0 0.8790364583333333 0.2488888888888889 0.021822916666666668 0.07166666666666667
0 0.7178020833333333 0.7443703703703705 0.0271875 0.12377777777777778
0 0.471328125 0.2579166666666667 0.02140625 0.07157407407407407
0 0.8043489583333333 0.5780092592592593 0.026406250000000003 0.12416666666666666
0 0.873203125 0.38328703703703704 0.02015625 0.08731481481481482
