0 0.13640624999999998 0.34995370370370377 0.021145833333333332 0.09416666666666666
0 0.54765625 0.2874074074074074 0.0175 0.07574074074074073
0 0.8618645833333333 0.24875925925925924 0.0209375 0.07211111111111111
0 0.8108072916666667 0.5773611111111112 0.022239583333333333 0.12212962962962963
0 0.8583854166666666 0.3788888888888889 0.02354166666666667 0.0874074074074074
0 0.965078125 0.6455555555555554 0.028177083333333335 0.1201851851851852
0 0.7113333333333334 0.7397592592592593 0.027000000000000003 0.1361111111111111
0 0.2690885416666667 0.20851851851851852 0.01942708333333333 0.07592592592592592
0 0.7942447916666667 0.36032407407407413 0.01890625 0.09175925925925925
0 0.9146874999999999 0.2872222222222222 0.030312500000000003 0.07925925925925925
0 0.383125 0.41532407407407407 0.021770833333333333 0.10175925925925926
0 0.47703124999999996 0.2610648148148148 0.023020833333333334 0.07194444444444445
