0 0.9481770833333333 0.6376574074074074 0.025062499999999998 0.12942592592592592
0 0.36226562500000004 0.4123611111111111 0.021822916666666668 0.10046296296296296
0 0.5318229166666667 0.28388888888888886 0.0334375 0.07166666666666667
0 0.11515625 0.34541666666666665 0.024374999999999997 0.10027777777777777
0 0.8122395833333333 0.5691203703703703 0.024687499999999998 0.11990740740740741
0 0.460703125 0.2610648148148148 0.017239583333333332 0.07416666666666666
0 0.9979947916666666 0.4649537037037037 0.0040104166666666665 0.023425925925925926
0 0.6938541666666667 0.7308796296296296 0.025416666666666664 0.12546296296296297
0 0.8803385416666667 0.2831944444444444 0.026302083333333334 0.08046296296296297
0 0.24740885416666666 0.21046296296296296 0.027109374999999998 0.07537037037037038
0 0.7814322916666667 0.3508796296296296 0.029114583333333333 0.08361111111111111
0 0.8321614583333333 0.3681481481481481 0.023489583333333335 0.08314814814814815
0 0.8280989583333332 0.2519907407407408 0.025885416666666668 0.0700925925925926
