0 0.47627604166666665 0.27759259259259256 0.029739583333333333 0.06462962962962962
0 0.7434895833333334 0.24925925925925924 0.02 0.06833333333333333
0 0.7719270833333333 0.5515277777777777 0.026875 0.1252777777777778
0 0.29380208333333335 0.3990277777777778 0.021354166666666667 0.09694444444444444
0 0.7806770833333334 0.26523148148148146 0.03177083333333333 0.07768518518518519
0 0.8844583333333333 0.6195925925925926 0.028374999999999997 0.12644444444444444
0 0.6257291666666667 0.7118981481481482 0.030104166666666664 0.12287037037037037
0 0.9434114583333333 0.4727777777777778 0.01963541666666667 0.10925925925925926
0 0.3962760416666667 0.25462962962962965 0.022239583333333333 0.0788888888888889
0 0.7607812500000001 0.3448611111111111 0.024374999999999997 0.07916666666666666
0 0.041093750000000005 0.3345833333333333 0.017395833333333333 0.09898148148148149
0 0.7348437499999999 0.3325925925925926 0.024791666666666667 0.08148148148148149
0 0.1692864583333333 0.2014351851851852 0.012239583333333333 0.08127777777777778
