0 0.485625 0.2702777777777778 0.028125 0.06111111111111111
0 0.635390625 0.25953703703703707 0.020364583333333335 0.07296296296296297
0 0.29520833333333335 0.254212962962963 0.022500000000000003 0.07898148148148147
0 0.7366406249999999 0.53125 0.023177083333333334 0.13194444444444445
0 0.70546875 0.3167592592592593 0.0259375 0.08388888888888889
0 0.727265625 0.3094444444444444 0.023072916666666665 0.08666666666666666
0 0.22059895833333334 0.3866666666666667 0.02734375 0.09907407407407408
0 0.6138802083333333 0.26972222222222225 0.023697916666666666 0.05962962962962964
0 0.07439583333333334 0.20185185185185187 0.01941666666666667 0.08351851851851852
0 0.5418489583333332 0.6913888888888888 0.03338541666666666 0.12277777777777778
0 0.853671875 0.4522222222222222 0.022239583333333333 0.1012962962962963
0 0.809765625 0.5969907407407408 0.026093750000000002 0.12287037037037037
