0 0.7375520833333333 0.5305092592592593 0.02375 0.13027777777777777
0 0.49166666666666664 0.2709722222222222 0.0359375 0.06157407407407407
0 0.8081458333333332 0.595925925925926 0.026125 0.12688888888888888
0 0.2940052083333333 0.25590277777777776 0.024260416666666666 0.07700925925925926
0 0.07351041666666666 0.20153703703703707 0.018979166666666665 0.08277777777777778
0 0.6108020833333333 0.27137037037037043 0.0209375 0.06222222222222223
0 0.7291458333333334 0.3083796296296296 0.024520833333333332 0.08935185185185185
0 0.8516927083333333 0.45185185185185184 0.021302083333333333 0.10425925925925926
0 0.6336197916666667 0.2590277777777778 0.01942708333333333 0.07342592592592592
0 0.5396770833333334 0.6902592592592592 0.0340625 0.12244444444444445
0 0.22049479166666666 0.38699074074074075 0.03015625 0.09916666666666667
0 0.7056510416666666 0.31612500000000004 0.026135416666666668 0.07962037037037037
