0 0.7999270833333334 0.4426481481481481 0.0196875 0.10833333333333334
0 0.5822395833333334 0.3751388888888889 0.03354166666666667 0.08675925925925926
0 0.7883072916666667 0.3017546296296296 0.029697916666666668 0.09887962962962964
0 0.3179947916666667 0.33337962962962964 0.024947916666666667 0.0912037037037037
0 0.06505208333333333 0.8528703703703704 0.050208333333333334 0.15166666666666667
0 0.7674739583333333 0.3431018518518519 0.022135416666666668 0.08953703703703704
0 0.18928385416666665 0.5059074074074074 0.029848958333333335 0.11533333333333333
0 0.217109375 0.3502777777777778 0.032239583333333335 0.08259259259259259
0 0.9834895833333334 0.6292407407407407 0.03302083333333333 0.12688888888888888
0 0.70875 0.29953703703703705 0.017812500000000002 0.09907407407407408
0 0.8796875 0.37027777777777776 0.026041666666666668 0.10814814814814815
0 0.9290364583333334 0.3901851851851852 0.03671875 0.11092592592592593
0 0.5783072916666666 0.3122685185185185 0.026927083333333334 0.08472222222222223
0 0.4289322916666667 0.41495370370370366 0.032239583333333335 0.09768518518518518
0 0.9864062499999999 0.47689814814814824 0.0271875 0.12675925925925927
0 0.4331510416666667 0.5197222222222222 0.032864583333333336 0.11018518518518519
