0 0.762578125 0.2982407407407407 0.02411458333333333 0.0887037037037037
0 0.5939843749999999 0.28685185185185186 0.025885416666666668 0.05462962962962963
0 0.7056510416666666 0.30745370370370373 0.02296875 0.07490740740740741
0 0.5269270833333333 0.28055555555555556 0.026875 0.06870370370370371
0 0.74453125 0.5168981481481482 0.025625000000000002 0.12990740740740742
0 0.6170572916666667 0.25787037037037036 0.02453125 0.07055555555555555
0 0.5152838541666667 0.680162037037037 0.030276041666666666 0.1253425925925926
0 0.21625 0.3795833333333334 0.023958333333333335 0.10157407407407408
0 0.28802083333333334 0.25333333333333335 0.022916666666666665 0.08018518518518518
0 0.8245312499999999 0.4426388888888889 0.025 0.10287037037037036
0 0.07040104166666668 0.20134259259259257 0.021531250000000002 0.08287037037037037
0 0.7940104166666667 0.5777777777777777 0.025104166666666667 0.12537037037037038
