0 0.784484375 0.569837962962963 0.027000000000000003 0.11652777777777777
0 0.7455520833333333 0.5090370370370371 0.0264375 0.12111111111111113
0 0.8093229166666666 0.4344444444444444 0.03135416666666667 0.10148148148148148
0 0.6174479166666667 0.25745370370370374 0.036875 0.07398148148148148
0 0.5041927083333333 0.6710648148148148 0.03203125 0.12805555555555556
0 0.06667447916666666 0.20171296296296296 0.023661458333333333 0.08175925925925925
0 0.28604166666666664 0.25273148148148145 0.021145833333333332 0.08249999999999999
0 0.5400520833333334 0.2801388888888889 0.028125 0.07472222222222223
0 0.7740104166666667 0.2943518518518518 0.0259375 0.08888888888888889
0 0.21192708333333332 0.3763703703703704 0.0259375 0.10088888888888889
0 0.6974479166666666 0.3089814814814815 0.025520833333333333 0.07425925925925926
0 0.58828125 0.28509259259259256 0.024687499999999998 0.06703703703703705
