0 0.7904947916666667 0.29097222222222224 0.02484375 0.08935185185185185
0 0.2859895833333333 0.2547685185185185 0.024270833333333335 0.0787962962962963
0 0.064921875 0.2008333333333333 0.025885416666666668 0.08296296296296296
0 0.5769010416666666 0.2611111111111111 0.0047395833333333335 0.007777777777777778
0 0.20145833333333335 0.37328703703703703 0.019895833333333335 0.09953703703703703
0 0.6176822916666667 0.25865740740740745 0.02984375 0.07916666666666666
0 0.4780208333333333 0.6658148148148149 0.02825 0.12422222222222222
0 0.7746354166666667 0.5578240740740741 0.025833333333333333 0.11731481481481482
0 0.7416145833333333 0.5030555555555556 0.025625000000000002 0.12166666666666667
0 0.7839062499999999 0.4301851851851852 0.026041666666666668 0.10740740740740741
0 0.5859114583333332 0.2759259259259259 0.029010416666666667 0.07555555555555556
0 0.6987239583333333 0.3058796296296296 0.029114583333333333 0.07712962962962963
0 0.5654687500000001 0.2700925925925926 0.020729166666666667 0.07537037037037038
