0 0.7696354166666667 0.5535555555555556 0.0259375 0.11577777777777779
0 0.46708333333333335 0.6670648148148148 0.032625 0.12957407407407406
0 0.6192447916666667 0.2682361111111111 0.03661458333333333 0.08167592592592592
0 0.7670416666666667 0.43012962962962964 0.028281249999999997 0.10481481481481482
0 0.5687005208333333 0.27332407407407405 0.026265625 0.08018518518518518
0 0.28991666666666666 0.2541203703703704 0.025 0.08277777777777778
0 0.7984635416666668 0.29 0.02359375 0.08851851851851851
0 0.06426041666666667 0.20323611111111112 0.02726041666666667 0.08056481481481483
0 0.7066614583333333 0.29748148148148146 0.0219375 0.08522222222222223
0 0.5911692708333334 0.2965231481481482 0.009421875 0.02323148148148148
0 0.7368177083333334 0.5015277777777778 0.032864583333333336 0.12203703703703704
0 0.5907005208333334 0.2778287037037037 0.024328125 0.0745462962962963
0 0.19704947916666665 0.37596296296296294 0.025015625 0.10268518518518518
