0 0.5959895833333333 0.2986111111111111 0.007916666666666666 0.01888888888888889
0 0.61975 0.2728148148148148 0.03619791666666667 0.07833333333333332
0 0.4550677083333333 0.6643611111111111 0.0309375 0.12255555555555557
0 0.768765625 0.5487037037037036 0.024010416666666666 0.12092592592592592
0 0.5712499999999999 0.2726388888888889 0.029479166666666667 0.07675925925925926
0 0.2950625 0.2537361111111111 0.020291666666666666 0.08302777777777778
0 0.709109375 0.29471296296296295 0.02296875 0.07916666666666666
0 0.5940364583333333 0.27935185185185185 0.021302083333333333 0.06833333333333333
0 0.06621354166666667 0.20478703703703705 0.030208333333333334 0.0799074074074074
0 0.7332552083333332 0.49592592592592594 0.03494791666666666 0.12296296296296297
0 0.8018229166666667 0.28659259259259257 0.0190625 0.09237037037037038
0 0.75625 0.429287037037037 0.024635416666666667 0.1069074074074074
0 0.19575260416666668 0.37627777777777777 0.025578125 0.10222222222222223
