0 0.7669270833333334 0.5427777777777778 0.024583333333333336 0.11148148148148149
0 0.5991666666666667 0.28560185185185183 0.0215625 0.06935185185185186
0 0.8068333333333333 0.28308333333333335 0.019270833333333334 0.0913888888888889
0 0.7151562499999999 0.2968981481481482 0.026145833333333333 0.07564814814814814
0 0.598453125 0.30417592592592596 0.0043437499999999995 0.015462962962962963
0 0.44884375 0.6622824074074074 0.02734375 0.12530555555555556
0 0.06947135416666667 0.2060324074074074 0.027796875 0.08299074074074074
0 0.6192187499999999 0.2755092592592593 0.026145833333333333 0.0775
0 0.19118749999999998 0.3769074074074074 0.023114583333333334 0.10298148148148148
0 0.574875 0.27399074074074076 0.0315625 0.07490740740740741
0 0.2997421875 0.2560555555555556 0.017890625 0.08231481481481483
0 0.7279427083333333 0.4898611111111112 0.029739583333333333 0.12398148148148148
0 0.7493046875 0.42659259259259263 0.023557291666666664 0.10855555555555554
