0 0.765953125 0.5351296296296297 0.024166666666666666 0.11935185185185186
0 0.7296901041666666 0.47368055555555555 0.0027760416666666667 0.008657407407407407
0 0.72184375 0.49291666666666667 0.029583333333333333 0.11898148148148148
0 0.81609375 0.2914351851851852 0.02744791666666667 0.08027777777777778
0 0.7303802083333333 0.42556944444444444 0.01913541666666667 0.10275
0 0.18174479166666668 0.3783796296296297 0.01963541666666667 0.10342592592592594
0 0.07885416666666667 0.20527777777777778 0.019166666666666665 0.08685185185185185
0 0.6259374999999999 0.2781944444444444 0.0240625 0.07787037037037037
0 0.3068854166666667 0.262712962962963 0.028125 0.07407407407407407
0 0.720546875 0.29974999999999996 0.0278125 0.07064814814814814
0 0.4344895833333334 0.6638240740740742 0.035 0.12444444444444445
0 0.5936927083333333 0.28032407407407406 0.02666666666666667 0.07907407407407407
0 0.6118020833333333 0.2851018518518519 0.0183125 0.07544444444444445
0 0.6008411458333334 0.30560185185185185 0.001015625 0.004814814814814815
