0 0.769453125 0.5262777777777777 0.024479166666666666 0.115
0 0.5932552083333333 0.2823611111111111 0.026302083333333334 0.08083333333333333
0 0.08973958333333334 0.21037037037037035 0.028125 0.08148148148148149
0 0.7052864583333334 0.4340740740740741 0.00203125 0.007592592592592592
0 0.32298958333333333 0.2642129629629629 0.01890625 0.07759259259259259
0 0.7019791666666666 0.4654120370370371 0.0027083333333333334 0.015453703703703706
0 0.7099479166666668 0.48125 0.026979166666666665 0.1247222222222222
0 0.6262526041666666 0.31005555555555553 0.011151041666666667 0.021
0 0.8099739583333333 0.2845833333333333 0.03390625 0.07712962962962963
0 0.7145156250000001 0.4201944444444444 0.024989583333333332 0.10194444444444443
0 0.6377604166666667 0.31439814814814815 0.005208333333333333 0.008055555555555555
0 0.6301588541666666 0.2867222222222222 0.0034322916666666664 0.007666666666666666
0 0.418734375 0.6608148148148147 0.03503125 0.1289814814814815
0 0.6316640625 0.2630555555555556 0.018963541666666663 0.03537037037037037
0 0.62425 0.2837685185185185 0.02755208333333333 0.08361111111111111
0 0.7209218749999999 0.29945370370370367 0.022708333333333334 0.07490740740740741
0 0.17971354166666667 0.3803240740740741 0.024125 0.10344444444444445
