0 0.09984375 0.20689814814814814 0.017395833333333333 0.08694444444444445
0 0.6371718749999999 0.30951851851851847 0.031510416666666666 0.061481481481481484
0 0.6934427083333333 0.47974074074074075 0.03166666666666666 0.1162037037037037
0 0.6326119791666667 0.3138796296296296 0.015328125 0.033351851851851855
0 0.6900729166666667 0.4153657407407408 0.025520833333333333 0.09721296296296296
0 0.3949739583333333 0.6581018518518519 0.031197916666666665 0.1262037037037037
0 0.7177916666666667 0.30050462962962965 0.019802083333333335 0.07521296296296297
0 0.17305208333333333 0.38081481481481483 0.0155625 0.10796296296296296
0 0.7915989583333333 0.27927314814814813 0.022916666666666665 0.07391666666666666
0 0.583734375 0.2838148148148148 0.015677083333333335 0.08592592592592592
0 0.6452161458333332 0.32893518518518516 0.0025885416666666665 0.003796296296296296
0 0.7709791666666667 0.5130277777777779 0.024791666666666667 0.11083333333333334
0 0.004768229166666666 0.33228240740740744 0.009536458333333333 0.10158333333333333
0 0.6328541666666666 0.2738425925925926 0.021145833333333332 0.05324074074074074
0 0.34522395833333336 0.2678333333333333 0.022614583333333334 0.07805555555555556
