0 0.6803125 0.4077962962962963 0.02364583333333333 0.07657407407407407
0 0.38603125000000005 0.6569351851851852 0.03369791666666667 0.12685185185185185
0 0.35399479166666664 0.27049074074074075 0.01984375 0.08
0 0.582265625 0.2843981481481481 0.015677083333333335 0.08546296296296296
0 0.6813385416666667 0.47244444444444444 0.03723958333333333 0.11425925925925927
0 0.6758177083333333 0.4573888888888889 0.00296875 0.013777777777777778
0 0.7203333333333334 0.3042546296296296 0.017614583333333333 0.0796388888888889
0 0.646265625 0.3127592592592593 0.026041666666666668 0.059444444444444446
0 0.7733333333333333 0.5039305555555555 0.024572916666666667 0.11171296296296297
0 0.004369791666666667 0.33246296296296296 0.008739583333333334 0.10314814814814816
0 0.10645312500000001 0.20796296296296296 0.022447916666666668 0.08518518518518518
0 0.6327604166666667 0.2864351851851851 0.0184375 0.0850925925925926
0 0.7814895833333332 0.27685648148148145 0.029791666666666668 0.0763425925925926
0 0.17285416666666667 0.3822592592592593 0.016927083333333332 0.10574074074074075
