0 0.3729166666666667 0.34664814814814815 0.0240625 0.09916666666666667
0 0.2890052083333333 0.5214398148148148 0.02041666666666667 0.12473148148148148
0 0.8638880208333333 0.29739814814814813 0.020182291666666668 0.09666666666666668
0 0.5724479166666666 0.48206481481481483 0.02140625 0.10444444444444444
0 0.46277864583333334 0.7452083333333333 0.032703125 0.13689814814814813
0 0.6279010416666666 0.552324074074074 0.02304166666666667 0.11927777777777777
0 0.55390625 0.6717592592592593 0.024479166666666666 0.12925925925925924
0 0.990859375 0.8029907407407407 0.018281250000000002 0.15046296296296297
0 0.7764088541666666 0.8437268518518518 0.036359375 0.15936111111111112
0 0.4378177083333333 0.29248148148148145 0.016197916666666666 0.08851851851851851
0 0.9235052083333333 0.44884259259259257 0.025364583333333336 0.1151851851851852
0 0.47283854166666667 0.4089351851851852 0.017864583333333333 0.10361111111111111
0 0.21488020833333335 0.4078888888888889 0.018333333333333333 0.1075
0 0.2830989583333333 0.42513888888888884 0.026093750000000002 0.10027777777777777
