0 0.5730520833333334 0.29010185185185183 0.018281250000000002 0.08546296296296296
0 0.37624479166666663 0.6582685185185185 0.04635416666666667 0.1207962962962963
0 0.6307812500000001 0.2891481481481481 0.02625 0.08374074074074074
0 0.7229739583333334 0.30675 0.014 0.08711111111111111
0 0.009947916666666667 0.33549999999999996 0.019895833333333335 0.1029074074074074
0 0.6497916666666667 0.30893518518518515 0.034166666666666665 0.08083333333333333
0 0.6626302083333333 0.41703703703703704 0.02890625 0.09481481481481482
0 0.666875 0.46143518518518517 0.025 0.1100925925925926
0 0.6791927083333333 0.45842592592592596 0.0049479166666666664 0.014074074074074074
0 0.7788177083333333 0.49144444444444446 0.021718750000000002 0.1165925925925926
0 0.11529166666666667 0.21002777777777776 0.0265625 0.08277777777777778
0 0.7477708333333334 0.2780833333333333 0.038489583333333334 0.07583333333333334
0 0.3624791666666667 0.27525925925925926 0.02 0.08638888888888889
0 0.1728515625 0.382962962962963 0.02140104166666667 0.10435185185185185
