0 0.12508333333333332 0.2069074074074074 0.018072916666666668 0.08953703703703704
0 0.17291666666666666 0.38299074074074074 0.018333333333333333 0.10500000000000001
0 0.6588854166666667 0.41235185185185186 0.023958333333333335 0.1000925925925926
0 0.7258072916666667 0.27750925925925923 0.029114583333333333 0.07712962962962963
0 0.6238489583333333 0.292212962962963 0.020833333333333332 0.08905555555555557
0 0.37969270833333335 0.27896296296296297 0.0234375 0.08555555555555557
0 0.015364583333333333 0.3384259259259259 0.02364583333333333 0.10333333333333333
0 0.6574583333333333 0.4579444444444445 0.036562500000000005 0.10944444444444444
0 0.77903125 0.4850092592592592 0.022604166666666665 0.10462962962962963
0 0.358375 0.6536759259259259 0.04567708333333333 0.12175925925925926
0 0.6456744791666668 0.3065925925925926 0.024484375 0.07342592592592592
0 0.5656145833333334 0.2944814814814815 0.021458333333333336 0.07972222222222222
0 0.7275208333333333 0.31037962962962967 0.016145833333333335 0.08675925925925926
