0 0.7288828125 0.3119212962962963 0.016401041666666664 0.08532407407407408
0 0.7799479166666666 0.48230555555555554 0.022604166666666665 0.10683333333333334
0 0.6503489583333334 0.3065231481481482 0.016020833333333335 0.07397222222222222
0 0.7145 0.27995833333333336 0.021770833333333333 0.07880555555555556
0 0.12928385416666666 0.20676851851851852 0.022880208333333332 0.08890740740740741
0 0.38595312500000006 0.27962037037037035 0.021947916666666668 0.08318518518518518
0 0.6540104166666666 0.4113055555555556 0.01963541666666667 0.104
0 0.6266328125 0.2881527777777778 0.018473958333333332 0.0881574074074074
0 0.6521822916666667 0.45475 0.03478125 0.10338888888888889
0 0.5632447916666667 0.29739351851851853 0.022958333333333334 0.08034259259259259
0 0.017721354166666665 0.3380046296296296 0.025651041666666666 0.10286111111111111
0 0.17378385416666664 0.38257407407407407 0.018713541666666667 0.10440740740740741
0 0.35597656250000004 0.6516481481481481 0.044348958333333334 0.11916666666666666
