0 0.17690104166666665 0.38273148148148145 0.01921875 0.10305555555555555
0 0.7053385416666667 0.2802777777777778 0.029114583333333333 0.07796296296296297
0 0.39294270833333333 0.2856157407407407 0.022239583333333333 0.07932407407407407
0 0.7322135416666666 0.3136111111111111 0.015364583333333333 0.08462962962962964
0 0.6524583333333333 0.41203703703703703 0.019375 0.106
0 0.7824401041666668 0.479787037037037 0.023515625 0.11190740740740741
0 0.6483984374999999 0.45772685185185186 0.003828125 0.009916666666666667
0 0.020859375 0.3396296296296296 0.02890625 0.10518518518518517
0 0.6410078125 0.45483796296296297 0.03465104166666667 0.10306481481481482
0 0.6528124999999999 0.3049537037037037 0.018020833333333333 0.07694444444444444
0 0.1349921875 0.20875 0.024359375000000003 0.08583333333333333
0 0.5615833333333333 0.2963240740740741 0.017125 0.07964814814814815
0 0.6279947916666667 0.2853240740740741 0.019947916666666666 0.08990740740740741
0 0.3506770833333333 0.6515462962962963 0.0325625 0.11587037037037037
