0 0.66515625 0.29259259259259257 0.033854166666666664 0.07814814814814815
0 0.6058541666666667 0.4330925925925926 0.034833333333333334 0.10011111111111111
0 0.5160677083333333 0.31078703703703703 0.028697916666666667 0.07305555555555555
0 0.8368749999999999 0.4675925925925926 0.0234375 0.10685185185185185
0 0.3093645833333333 0.6365370370370371 0.0439375 0.11566666666666667
0 0.7308333333333333 0.2993703703703704 0.017249999999999998 0.082
0 0.23078125 0.38629629629629636 0.01864583333333333 0.10388888888888889
0 0.638234375 0.2841018518518518 0.029156249999999998 0.07827777777777778
0 0.5789739583333334 0.32069907407407405 0.027572916666666666 0.07619444444444445
0 0.679609375 0.42106481481481484 0.023177083333333334 0.09305555555555556
0 0.106875 0.35018518518518515 0.022083333333333333 0.10055555555555555
0 0.013674479166666666 0.7646712962962964 0.027192708333333333 0.1406574074074074
0 0.20963541666666666 0.21078703703703705 0.028541666666666667 0.0775
0 0.793359375 0.32606481481481486 0.01703125 0.08527777777777777
