0 0.68078125 0.42125 0.021979166666666668 0.09212962962962963
0 0.7957708333333333 0.32664814814814813 0.017 0.08455555555555555
0 0.30792708333333335 0.6377037037037038 0.039562499999999994 0.11577777777777779
0 0.2126822916666667 0.21041203703703704 0.02744791666666667 0.07804629629629631
0 0.6549479166666666 0.3165740740740741 0.0011458333333333333 0.005185185185185185
0 0.11038541666666667 0.35082407407407407 0.022583333333333334 0.10055555555555555
0 0.23231510416666667 0.3862777777777777 0.016848958333333334 0.10353703703703702
0 0.66421875 0.29324074074074075 0.035 0.08
0 0.5805338541666667 0.3208703703703704 0.028546875000000003 0.07333333333333333
0 0.7337239583333334 0.29976851851851855 0.017239583333333332 0.08194444444444444
0 0.014604166666666666 0.7629953703703704 0.029062499999999998 0.1410648148148148
0 0.5214505208333333 0.3120185185185185 0.026015625 0.07514814814814814
0 0.8403645833333333 0.4680092592592593 0.022916666666666665 0.10712962962962963
0 0.6361979166666667 0.28231481481481485 0.027395833333333335 0.0774074074074074
0 0.6030963541666667 0.43374999999999997 0.031828125 0.10083333333333334
