0 0.7397916666666666 0.30013888888888884 0.017812500000000002 0.08101851851851852
0 0.11802083333333332 0.3524259259259259 0.02325 0.10255555555555557
0 0.6556119791666666 0.3151574074074074 0.004130208333333333 0.015555555555555557
0 0.6370130208333332 0.280412037037037 0.026546875 0.07826851851851852
0 0.5342708333333334 0.31407407407407406 0.024479166666666666 0.07666666666666666
0 0.597140625 0.43500462962962966 0.024760416666666667 0.10019444444444443
0 0.2376015625 0.3878796296296296 0.016276041666666668 0.10294444444444445
0 0.21808854166666666 0.20929629629629629 0.025760416666666668 0.07916666666666666
0 0.8451822916666667 0.4675 0.025572916666666667 0.10796296296296296
0 0.6836067708333332 0.4206157407407407 0.020296875 0.09226851851851853
0 0.8018229166666667 0.3293055555555555 0.019479166666666665 0.08564814814814815
0 0.016604166666666666 0.7583703703703704 0.03320833333333333 0.1472037037037037
0 0.5829427083333333 0.32203703703703707 0.03578125 0.07277777777777777
0 0.6615104166666668 0.2959722222222222 0.029583333333333333 0.08287037037037037
0 0.2969583333333333 0.6373703703703704 0.0375 0.11555555555555555
