0 0.5990833333333333 0.33499537037037036 0.026822916666666665 0.08258333333333333
0 0.057770833333333334 0.6881342592592593 0.03744791666666667 0.1316388888888889
0 0.5948125 0.3123564814814815 0.00453125 0.006212962962962963
0 0.7872395833333333 0.295787037037037 0.021458333333333336 0.08194444444444444
0 0.7271979166666667 0.4136574074074074 0.028125 0.09866666666666667
0 0.8898697916666667 0.45805555555555555 0.030677083333333334 0.10685185185185185
0 0.5701302083333333 0.4253240740740741 0.02453125 0.08861111111111111
0 0.0016692708333333334 0.6294583333333332 0.0033385416666666667 0.005564814814814815
0 0.6369010416666666 0.2665324074074074 0.018489583333333334 0.07786111111111112
0 0.27675 0.19730092592592594 0.01952083333333333 0.08169444444444444
0 0.167109375 0.34416666666666673 0.020677083333333336 0.10666666666666667
0 0.27899479166666663 0.3832083333333333 0.019166666666666665 0.10160185185185186
0 0.27217187499999995 0.6167824074074074 0.04953125 0.11560185185185184
0 0.634140625 0.2900462962962963 0.04119791666666666 0.08472222222222223
0 0.8431510416666667 0.3315277777777778 0.019114583333333334 0.08324074074074074
0 0.5856276041666667 0.330587962962963 0.014786458333333334 0.08030555555555556
