0 0.6080104166666666 0.28070370370370373 0.0315625 0.08844444444444444
0 0.24265625000000002 0.5998148148148148 0.03916666666666667 0.12111111111111113
0 0.010247395833333334 0.5642268518518518 0.020494791666666668 0.11730555555555555
0 0.5541328125 0.41299074074074077 0.03540104166666667 0.09012962962962963
0 0.6252083333333334 0.25782407407407404 0.027604166666666666 0.0849074074074074
0 0.06377604166666666 0.6631944444444444 0.04026041666666667 0.13824074074074075
0 0.2939583333333334 0.18814814814814818 0.02 0.08222222222222222
0 0.2833072916666667 0.3715740740740741 0.01598958333333333 0.10203703703703704
0 0.89921875 0.44875 0.0196875 0.1086111111111111
0 0.17380208333333336 0.3399074074074074 0.026145833333333333 0.10037037037037037
0 0.6063333333333333 0.34208333333333335 0.02375 0.0788888888888889
0 0.796875 0.28708333333333336 0.020625 0.08027777777777778
0 0.5936458333333333 0.33319444444444446 0.022916666666666665 0.08398148148148149
0 0.8499218749999999 0.3266203703703704 0.024739583333333332 0.08527777777777777
0 0.7367161458333334 0.40869444444444447 0.020098958333333337 0.09405555555555556
