0 0.8438281249999999 0.32296296296296295 0.021718750000000002 0.08925925925925926
0 0.17411458333333335 0.3375462962962963 0.03239583333333333 0.10083333333333334
0 0.5977864583333333 0.3372222222222222 0.02984375 0.08499999999999999
0 0.06305729166666667 0.6391666666666667 0.041979166666666665 0.11944444444444445
0 0.6151510416666667 0.34019444444444447 0.025260416666666667 0.07842592592592593
0 0.20853125 0.5933101851851853 0.041625 0.11587962962962964
0 0.5787395833333334 0.2788148148148148 0.0285625 0.086
0 0.5290442708333333 0.40692592592592597 0.03397395833333334 0.09507407407407407
0 0.276828125 0.3722638888888889 0.021374999999999998 0.1013425925925926
0 0.6036145833333333 0.24853703703703706 0.027687499999999997 0.08633333333333333
0 0.013619791666666665 0.5553703703703704 0.02723958333333333 0.11777777777777779
0 0.8989583333333333 0.44101851851851853 0.018333333333333333 0.1075925925925926
0 0.2989322916666666 0.18305555555555555 0.021927083333333333 0.08148148148148149
0 0.7373802083333333 0.4065046296296297 0.01671875 0.09949074074074074
0 0.795546875 0.2877314814814815 0.02234375 0.07935185185185185
