0 0.7935625000000001 0.28574074074074074 0.022291666666666664 0.0788888888888889
0 0.5647916666666667 0.2763888888888889 0.019166666666666665 0.0874074074074074
0 0.7360364583333333 0.40575462962962966 0.01876041666666667 0.10110185185185185
0 0.169765625 0.33486111111111116 0.02765625 0.1000925925925926
0 0.27234635416666664 0.37177314814814816 0.024078125 0.10173148148148149
0 0.6175520833333333 0.34171296296296294 0.028645833333333332 0.08453703703703704
0 0.013184895833333333 0.5530370370370371 0.026369791666666666 0.11727777777777777
0 0.5923411458333333 0.2456388888888889 0.037171875 0.0845
0 0.05726302083333333 0.6337037037037037 0.03753645833333333 0.12453703703703704
0 0.5974453125 0.33684259259259264 0.032088541666666665 0.0837962962962963
0 0.898140625 0.4391712962962963 0.019270833333333334 0.10817592592592593
0 0.192859375 0.5891898148148148 0.03742708333333333 0.11906481481481482
0 0.29703125 0.18124537037037036 0.0184375 0.08287962962962964
0 0.5145364583333333 0.40588425925925925 0.03630208333333333 0.09371296296296296
0 0.8405963541666667 0.3225601851851852 0.02159895833333333 0.09023148148148148
