0 0.4022760416666667 0.40224074074074073 0.030510416666666665 0.09792592592592593
0 0.08913541666666668 0.30960185185185185 0.0268125 0.09740740740740741
0 0.4506484375 0.2053148148148148 0.027630208333333333 0.08720370370370371
0 0.18895572916666667 0.3384166666666667 0.023307291666666667 0.10144444444444445
0 0.03849479166666667 0.5404768518518519 0.0356875 0.11828703703703704
0 0.8589140625 0.40024537037037033 0.019223958333333332 0.10099074074074073
0 0.6091171875 0.35764814814814816 0.023848958333333333 0.0792037037037037
0 0.9341484375 0.5143287037037036 0.027994791666666668 0.11980555555555554
0 0.7338958333333333 0.2562268518518519 0.01728125 0.07919444444444444
0 0.7723593750000001 0.30113425925925924 0.018010416666666664 0.09087962962962963
0 0.0033125000000000003 0.6105787037037037 0.006625000000000001 0.012027777777777778
0 0.38174479166666664 0.23562037037037034 0.03078125 0.08255555555555555
0 0.2477265625 0.14075462962962962 0.020890625 0.08039814814814815
0 0.7317812499999999 0.36766203703703704 0.03825 0.08680555555555555
0 0.5700598958333334 0.34811574074074075 0.03366145833333333 0.08639814814814815
