0 0.37556249999999997 0.23344444444444445 0.028166666666666666 0.0847962962962963
0 0.0019609375 0.6076527777777778 0.003921875 0.010175925925925927
0 0.034481770833333335 0.5374444444444445 0.03406770833333333 0.11987037037037038
0 0.9310234375 0.509875 0.027973958333333333 0.12076851851851853
0 0.18655468749999998 0.33845370370370376 0.024838541666666665 0.10111111111111111
0 0.6079713541666667 0.3569305555555556 0.024296875 0.07919444444444444
0 0.44815625 0.20248148148148148 0.028802083333333332 0.08592592592592592
0 0.39975260416666664 0.4030416666666667 0.032401041666666665 0.09871296296296296
0 0.771390625 0.30014814814814816 0.018989583333333334 0.09151851851851853
0 0.24629947916666667 0.13910185185185187 0.020307291666666668 0.08133333333333334
0 0.7325078125000001 0.25435648148148154 0.016421875 0.0798611111111111
0 0.08778125 0.3093796296296296 0.0268125 0.09375925925925926
0 0.5674270833333334 0.3477037037037037 0.03269791666666667 0.086
0 0.8582864583333333 0.3978009259259259 0.018572916666666665 0.10349074074074073
0 0.7322864583333334 0.36744444444444446 0.03770833333333334 0.0832037037037037
