0 0.181703125 0.33521759259259254 0.027989583333333335 0.09728703703703703
0 0.6064583333333334 0.3601481481481481 0.026010416666666664 0.08800000000000001
0 0.44343750000000004 0.1979537037037037 0.02625 0.08351851851851852
0 0.24438020833333332 0.13514351851851852 0.019864583333333335 0.08039814814814815
0 0.9254244791666666 0.4990833333333333 0.028630208333333334 0.11124074074074074
0 0.08489843749999999 0.3059768518518519 0.026859375 0.09243518518518519
0 0.8583958333333332 0.39213888888888887 0.01933333333333333 0.10348148148148148
0 0.3985833333333334 0.4003796296296296 0.03160416666666667 0.09346296296296296
0 0.7316692708333332 0.36444907407407406 0.040578125 0.08147222222222222
0 0.02761197916666667 0.5330648148148148 0.030557291666666667 0.12214814814814813
0 0.9923645833333334 0.7664074074074074 0.015270833333333334 0.13777777777777778
0 0.7304296874999999 0.2514259259259259 0.016276041666666668 0.0827037037037037
0 0.36946875 0.22689351851851852 0.02775 0.08439814814814815
0 0.5620078124999999 0.34481944444444446 0.030151041666666666 0.08608333333333333
0 0.7697395833333333 0.29773148148148143 0.019895833333333335 0.09183333333333334
