0 0.6382708333333333 0.057138888888888885 0.018635416666666668 0.06688888888888889
0 0.350453125 0.39625462962962965 0.0261875 0.09312037037037037
0 0.7770052083333333 0.44530555555555557 0.02796875 0.1055925925925926
0 0.4944869791666667 0.6279027777777778 0.045182291666666666 0.09039814814814814
0 0.7975078124999999 0.33319907407407406 0.029901041666666666 0.08980555555555556
0 0.4660494791666666 0.2574907407407408 0.027526041666666667 0.0847962962962963
0 0.5882916666666667 0.25758333333333333 0.022572916666666668 0.08025925925925927
0 0.9743802083333333 0.46249537037037036 0.02815625 0.0990462962962963
0 0.5294010416666667 0.18823611111111113 0.02475 0.07226851851851851
0 0.4260885416666667 0.2611712962962963 0.027604166666666666 0.08947222222222222
0 0.3121770833333333 0.3869259259259259 0.03501041666666667 0.1
0 0.6761979166666666 0.13777777777777778 0.0255625 0.07216666666666667
0 0.9735390625 0.6665046296296295 0.04672395833333333 0.1213425925925926
0 0.35452083333333334 0.5769166666666666 0.02796875 0.11424074074074074
