0 0.9604010416666667 0.6361759259259259 0.023760416666666666 0.1072037037037037
0 0.24010677083333334 0.19168055555555555 0.013651041666666667 0.06367592592592593
0 0.9026145833333334 0.2184722222222222 0.0201875 0.05566666666666666
0 0.9141588541666666 0.4167453703703704 0.017171875 0.08652777777777779
0 0.5400442708333333 0.29191666666666666 0.02168229166666667 0.0641111111111111
0 0.480515625 0.5916990740740741 0.020802083333333332 0.10689814814814814
0 0.6482526041666666 0.763175925925926 0.022473958333333332 0.13711111111111113
0 0.9624375 0.2664398148148148 0.016458333333333335 0.07073148148148148
0 0.1550885416666667 0.761537037037037 0.026614583333333334 0.13711111111111113
0 0.8987734374999999 0.36362037037037037 0.014109375 0.07812962962962963
0 0.5607213541666667 0.45246759259259256 0.016098958333333333 0.08732407407407408
0 0.1493515625 0.48194444444444445 0.022473958333333332 0.1047962962962963
0 0.9050625 0.6098935185185186 0.021177083333333332 0.11062037037037037
0 0.6993151041666666 0.3643333333333333 0.016494791666666668 0.07411111111111111
