0 0.5949166666666665 0.7477222222222222 0.028510416666666667 0.12787037037037036
0 0.8868723958333333 0.2516527777777777 0.015453125000000002 0.06839814814814815
0 0.5404375 0.28486111111111106 0.0255625 0.06888888888888889
0 0.059984375 0.48420370370370364 0.025135416666666667 0.1104074074074074
0 0.8420520833333334 0.40898148148148145 0.018270833333333333 0.08751851851851851
0 0.41433072916666663 0.576712962962963 0.018630208333333335 0.11064814814814815
0 0.14576822916666668 0.19844907407407406 0.022109375 0.07010185185185185
0 0.0640546875 0.783513888888889 0.030942708333333332 0.14182407407407407
0 0.9373203125 0.9890231481481482 0.008744791666666666 0.021953703703703704
0 0.46456250000000004 0.434787037037037 0.018447916666666668 0.092
0 0.896171875 0.6160694444444444 0.025812500000000002 0.11308333333333333
0 0.7962343749999999 0.21019444444444443 0.015822916666666666 0.06079629629629629
0 0.8422213541666665 0.5827361111111111 0.022859375 0.10323148148148148
0 0.6460651041666666 0.34622685185185187 0.021223958333333334 0.07706481481481482
0 0.839984375 0.3477037037037037 0.0151875 0.0699074074074074
