0 0.7603645833333332 0.24585185185185182 0.017010416666666663 0.06927777777777777
0 0.9517526041666666 0.5265138888888888 0.022859375 0.10143518518518518
0 0.9967786458333333 0.3267777777777778 0.006442708333333333 0.04175925925925926
0 0.8000963541666668 0.5922453703703704 0.022682291666666667 0.11289814814814815
0 0.9616406249999999 0.3915046296296296 0.02475 0.09360185185185185
0 0.9971015624999999 0.36910648148148145 0.005796875000000001 0.040601851851851854
0 0.5908619791666666 0.33025 0.020026041666666668 0.07559259259259259
0 0.6539453125 0.2157175925925926 0.020703125 0.058527777777777776
0 0.7466302083333333 0.5602083333333333 0.022229166666666668 0.10032407407407407
0 0.31780989583333336 0.5669074074074074 0.019401041666666667 0.11503703703703703
0 0.5233802083333333 0.7329583333333334 0.02811458333333333 0.12723148148148147
0 0.7409531250000001 0.4000648148148148 0.017177083333333332 0.086
0 0.799703125 0.9869629629629628 0.012322916666666666 0.026074074074074076
0 0.7536145833333332 0.3314907407407408 0.015447916666666667 0.07507407407407407
0 0.015619791666666667 0.20824537037037036 0.01971875 0.07228703703703702
0 0.5129453125 0.28535648148148146 0.023921875 0.07160185185185185
0 0.35109114583333334 0.4159861111111111 0.018651041666666666 0.08528703703703704
