0 0.7183541666666666 0.31958796296296293 0.01425 0.07760185185185185
0 0.6996979166666667 0.24243518518518517 0.02025 0.06866666666666667
0 0.4990598958333334 0.2830185185185185 0.022921874999999998 0.0695925925925926
0 0.701953125 0.3928611111111111 0.018541666666666668 0.08531481481481482
0 0.28231770833333336 0.5575925925925925 0.02234375 0.11277777777777777
0 0.49234374999999997 0.7201759259259259 0.025791666666666668 0.13040740740740742
0 0.5994401041666666 0.2119212962962963 0.015598958333333333 0.061731481481481484
0 0.9074505208333333 0.515962962962963 0.019890625 0.09920370370370371
0 0.9612708333333333 0.3444305555555556 0.022770833333333334 0.0841574074074074
0 0.5694270833333334 0.3182314814814815 0.016874999999999998 0.07425925925925926
0 0.7450963541666666 0.9819166666666667 0.026234374999999997 0.036166666666666666
0 0.9166119791666667 0.38955092592592594 0.018265625 0.09439814814814815
0 0.7635052083333334 0.5776851851851853 0.01825 0.11288888888888889
0 0.7115468749999999 0.5461898148148148 0.021958333333333333 0.09919444444444445
0 0.311765625 0.4043009259259259 0.018989583333333334 0.08336111111111111
