0 0.9196276041666667 0.35156481481481483 0.022859375 0.08127777777777778
0 0.5409427083333332 0.22011111111111115 0.01625 0.06322222222222222
0 0.24935156249999998 0.5506666666666666 0.019338541666666667 0.11325925925925925
0 0.7235156249999999 0.5687731481481482 0.021697916666666664 0.10943518518518518
0 0.2705989583333333 0.3962546296296296 0.017635416666666667 0.08610185185185185
0 0.9796692708333333 0.40292129629629625 0.028359375000000003 0.09912037037037037
0 0.859484375 0.5121851851851852 0.02059375 0.10042592592592592
0 0.6803072916666667 0.3140601851851852 0.015302083333333332 0.07295370370370372
0 0.8680208333333332 0.38961111111111113 0.020614583333333332 0.09407407407407407
0 0.6954375 0.9801481481481481 0.02453125 0.039703703703703706
0 0.6753958333333333 0.5397222222222223 0.02084375 0.10198148148148148
0 0.46029427083333335 0.7126157407407407 0.026619791666666667 0.1288425925925926
0 0.5478333333333334 0.31360648148148146 0.013947916666666667 0.07573148148148148
0 0.47510677083333336 0.28642129629629626 0.020401041666666668 0.06839814814814815
0 0.6672838541666668 0.3902453703703703 0.018526041666666666 0.08426851851851852
0 0.638671875 0.23884259259259258 0.015885416666666666 0.07305555555555555
