0 0.4260546875 0.7113611111111111 0.026359375 0.1335185185185185
0 0.6514062500000001 0.9888657407407409 0.009583333333333333 0.02226851851851852
0 0.22659635416666665 0.3896481481481482 0.021421875 0.0862962962962963
0 0.6495989583333334 0.3143796296296296 0.016354166666666666 0.07546296296296297
0 0.2344453125 0.5475 0.021348958333333334 0.10842592592592593
0 0.6990364583333333 0.5659722222222222 0.02140625 0.10777777777777778
0 0.49364322916666664 0.24044907407407407 0.01836979166666667 0.06217592592592593
0 0.5700703125 0.2516203703703704 0.022359375 0.06916666666666667
0 0.46201562500000004 0.28806481481481483 0.02015625 0.07409259259259258
0 0.8371458333333333 0.4005185185185185 0.02453125 0.09222222222222222
0 0.6574869791666667 0.3899814814814815 0.017317708333333334 0.09255555555555554
0 0.6624635416666667 0.5410185185185186 0.020729166666666667 0.10296296296296296
0 0.8283828124999999 0.5198842592592593 0.026765625 0.1036574074074074
0 0.5278229166666667 0.3083472222222222 0.0153125 0.07756481481481481
0 0.8889947916666666 0.36568055555555556 0.024791666666666667 0.08506481481481482
0 0.9412395833333334 0.4079814814814815 0.019947916666666666 0.09953703703703703
