0 0.5246041666666666 0.25587037037037036 0.029375 0.06555555555555555
0 0.6683333333333333 0.5460185185185186 0.0215625 0.10740740740740741
0 0.8835442708333333 0.3745925925925926 0.020515625 0.09333333333333334
0 0.642328125 0.9959027777777778 0.008781249999999999 0.008194444444444443
0 0.8390520833333334 0.4097777777777778 0.0234375 0.09527777777777778
0 0.23847395833333335 0.54475 0.02421875 0.11074074074074074
0 0.47344270833333335 0.2523518518518518 0.021718750000000002 0.06574074074074074
0 0.470734375 0.28962037037037036 0.025260416666666667 0.06935185185185186
0 0.9388072916666667 0.4155833333333333 0.024947916666666667 0.1012037037037037
0 0.41094791666666663 0.7119444444444445 0.03241666666666667 0.13231481481481483
0 0.52178125 0.3058796296296296 0.018593750000000003 0.07944444444444444
0 0.6654114583333334 0.39264814814814814 0.017604166666666664 0.09722222222222222
0 0.20927083333333335 0.38537037037037036 0.021614583333333333 0.09098148148148148
0 0.8262187500000001 0.5251944444444445 0.025208333333333333 0.10583333333333333
0 0.6921250000000001 0.5685925925925925 0.01973958333333333 0.10703703703703703
0 0.6418854166666667 0.3203935185185185 0.015364583333333333 0.07536111111111111
