0 0.48588020833333334 0.2637731481481482 0.01932291666666667 0.06856481481481481
0 0.8522552083333335 0.5296481481481481 0.01944791666666667 0.10555555555555556
0 0.2760677083333334 0.5363796296296297 0.021822916666666668 0.11407407407407408
0 0.916796875 0.38672222222222224 0.01953125 0.09509259259259259
0 0.5384791666666666 0.2855462962962963 0.02328125 0.06953703703703704
0 0.22711979166666665 0.3776759259259259 0.041875 0.07777777777777778
0 0.7021302083333334 0.548537037037037 0.020520833333333332 0.10953703703703703
0 0.6718697916666667 0.3280462962962963 0.017822916666666667 0.07444444444444445
0 0.55571875 0.30235185185185187 0.019010416666666665 0.07685185185185185
0 0.8836770833333334 0.42440740740740734 0.020729166666666667 0.0975
0 0.40711458333333334 0.7138333333333334 0.0275 0.12175925925925926
0 0.5043177083333333 0.26523148148148146 0.018489583333333334 0.060555555555555564
0 0.71934375 0.573212962962963 0.025572916666666667 0.10851851851851853
0 0.9611770833333332 0.42437037037037034 0.03395833333333333 0.10074074074074074
0 0.7032552083333333 0.39170370370370367 0.015677083333333335 0.08972222222222223
