0 0.8038802083333334 0.5632870370370371 0.03567708333333333 0.10351851851851851
0 0.952078125 0.5210648148148148 0.028697916666666667 0.10898148148148148
0 0.008213541666666666 0.23154629629629628 0.016354166666666666 0.0787962962962963
0 0.5714036458333334 0.2665 0.018546875 0.06324074074074074
0 0.39572656250000005 0.5021203703703704 0.023026041666666667 0.10175925925925926
0 0.461109375 0.6912222222222222 0.037656249999999995 0.13074074074074074
0 0.7059739583333333 0.273587962962963 0.020572916666666666 0.06862037037037037
0 0.8116041666666667 0.38004629629629627 0.022395833333333334 0.09037037037037036
0 0.5923385416666667 0.26349074074074075 0.020833333333333332 0.07166666666666667
0 0.6497265625 0.29324537037037035 0.027890625 0.06387962962962962
0 0.3433802083333334 0.36567592592592596 0.032656250000000005 0.07518518518518519
0 0.7875 0.32262962962962966 0.013854166666666667 0.0762962962962963
0 0.8069270833333333 0.5215046296296296 0.019583333333333335 0.07337962962962963
