0 0.8338307291666668 0.5099074074074075 0.021921875 0.09851851851851852
0 0.013541666666666667 0.7797222222222222 0.027083333333333334 0.14925925925925926
0 0.4325677083333333 0.4763333333333333 0.023885416666666666 0.10111111111111111
0 0.6284687499999999 0.25410185185185186 0.020677083333333336 0.07046296296296296
0 0.5970885416666666 0.2609074074074074 0.018020833333333333 0.06333333333333334
0 0.7685677083333334 0.26255555555555554 0.020468749999999997 0.06638888888888889
0 0.8280260416666666 0.31000925925925926 0.018281250000000002 0.08166666666666667
0 0.3902890625 0.3560277777777778 0.021723958333333335 0.07962962962962963
0 0.8403802083333333 0.35818518518518516 0.019270833333333334 0.09074074074074075
0 0.6648958333333332 0.2783611111111111 0.02276041666666667 0.06824074074074074
0 0.04440625 0.2165 0.022135416666666668 0.07944444444444444
0 0.9849947916666666 0.5036111111111111 0.024583333333333336 0.10685185185185185
0 0.46530208333333334 0.675037037037037 0.0334375 0.12962962962962962
0 0.8277135416666667 0.5483425925925925 0.022604166666666665 0.10768518518518519
