0 0.6106145833333334 0.25910185185185186 0.016666666666666666 0.065
0 0.4447447916666667 0.6614305555555556 0.028333333333333332 0.13067592592592592
0 0.9922500000000001 0.4840925925925925 0.015500000000000002 0.09861111111111111
0 0.019708333333333335 0.4267129629629629 0.028697916666666667 0.10731481481481482
0 0.8314635416666667 0.5378425925925926 0.0309375 0.1087037037037037
0 0.6683333333333333 0.27185185185185184 0.014375 0.06833333333333333
0 0.840234375 0.4835046296296296 0.02296875 0.10052777777777777
0 0.4060104166666667 0.3547962962962963 0.02015625 0.0874074074074074
0 0.02228645833333333 0.7624907407407407 0.03505208333333333 0.1512962962962963
0 0.85046875 0.3040092592592593 0.018177083333333333 0.06962962962962964
0 0.84984375 0.34780555555555553 0.025052083333333332 0.08333333333333333
0 0.05807291666666667 0.20397222222222225 0.022239583333333333 0.08046296296296297
0 0.652203125 0.24586111111111114 0.021614583333333333 0.07611111111111112
0 0.810015625 0.2565 0.017604166666666664 0.06657407407407408
0 0.44602604166666665 0.45225925925925925 0.02359375 0.09861111111111111
