0 0.6238541666666666 0.2676666666666667 0.01484375 0.06851851851851852
0 0.07663020833333332 0.191125 0.02276041666666667 0.08039814814814815
0 0.8468619791666666 0.24797222222222223 0.017338541666666665 0.07935185185185185
0 0.6925520833333334 0.24414814814814814 0.021875 0.0775
0 0.9811458333333333 0.46496296296296297 0.024010416666666666 0.10148148148148148
0 0.4032239583333333 0.646287037037037 0.03104166666666667 0.13222222222222224
0 0.8094270833333332 0.5133333333333333 0.021875 0.1025925925925926
0 0.46822395833333336 0.41261574074074076 0.02734375 0.08973148148148148
0 0.42484374999999996 0.35185185185185186 0.025833333333333333 0.08222222222222222
0 0.8800416666666667 0.3028518518518518 0.020833333333333332 0.08203703703703703
0 0.05106770833333333 0.4114351851851851 0.021041666666666667 0.10500000000000001
0 0.8291510416666666 0.4472962962962963 0.019947916666666666 0.10277777777777777
0 0.03885677083333334 0.7494537037037037 0.031098958333333333 0.15148148148148147
0 0.856328125 0.3318611111111111 0.02 0.08666666666666666
0 0.6688645833333333 0.27258333333333334 0.015260416666666667 0.07657407407407407
