0 0.39067708333333334 0.6300555555555555 0.03453125 0.12648148148148147
0 0.9358697916666666 0.30125 0.020833333333333332 0.0787962962962963
0 0.8011901041666667 0.49601851851851847 0.025328125 0.08064814814814815
0 0.8311458333333335 0.41244444444444445 0.020468749999999997 0.08064814814814815
0 0.10271875000000001 0.730138888888889 0.052812500000000005 0.14185185185185184
0 0.8992395833333334 0.3255092592592593 0.019166666666666665 0.08157407407407406
0 0.10150520833333333 0.3940416666666667 0.017552083333333336 0.10626851851851851
0 0.9787239583333333 0.4429166666666666 0.02744791666666667 0.09805555555555556
0 0.7034479166666666 0.2747777777777778 0.015104166666666667 0.07907407407407407
0 0.44904427083333337 0.3485833333333333 0.02469270833333333 0.08972222222222223
0 0.883234375 0.23334259259259257 0.015104166666666667 0.08027777777777778
0 0.136890625 0.1815 0.022239583333333333 0.07768518518518519
0 0.66796875 0.28454166666666664 0.014947916666666667 0.07689814814814815
0 0.7735000000000001 0.24593055555555557 0.01942708333333333 0.08036111111111112
0 0.5032135416666667 0.3871111111111111 0.024635416666666667 0.07777777777777778
