0 0.686296875 0.38210185185185186 0.0228125 0.07490740740740741
0 0.6334947916666667 0.4328148148148148 0.01963541666666667 0.09324074074074075
0 0.5591171875 0.34653703703703703 0.017619791666666666 0.07203703703703704
0 0.6082682291666667 0.45755555555555555 0.023338541666666667 0.0938888888888889
0 0.39159375 0.42197222222222225 0.0259375 0.08398148148148149
0 0.7682968750000001 0.27019444444444446 0.0203125 0.0712962962962963
0 0.6196458333333333 0.21039814814814817 0.014895833333333334 0.05888888888888889
0 0.33026041666666667 0.5537962962962963 0.024687499999999998 0.11185185185185186
0 0.9680364583333334 0.3617314814814815 0.01421875 0.09027777777777778
0 0.5026458333333333 0.37669444444444444 0.021875 0.0763888888888889
0 0.08211979166666666 0.1839351851851852 0.023177083333333334 0.06546296296296296
0 0.2767395833333333 0.3182407407407407 0.025260416666666667 0.06805555555555555
0 0.7924322916666665 0.429537037037037 0.02484375 0.08592592592592592
0 0.65121875 0.5386388888888888 0.032656250000000005 0.09731481481481481
0 0.03700520833333333 0.6170833333333334 0.025052083333333332 0.12361111111111112
