0 0.5641458333333332 0.5874444444444445 0.04671875 0.12768518518518518
0 0.044984375 0.16874074074074075 0.024374999999999997 0.10083333333333334
0 0.48215104166666667 0.28417592592592594 0.017739583333333333 0.05127777777777778
0 0.6753020833333334 0.11951851851851852 0.025416666666666664 0.0849074074074074
0 0.7947213541666667 0.3247314814814815 0.018057291666666666 0.10203703703703704
0 0.49133333333333334 0.2861388888888889 0.03395833333333333 0.10092592592592593
0 0.9937864583333335 0.7211898148148148 0.012427083333333333 0.07399074074074073
0 0.12316145833333333 0.04435648148148148 0.015125 0.08460185185185186
0 0.8725208333333333 0.36764814814814817 0.03245833333333333 0.11231481481481481
0 0.9285989583333333 0.17070833333333335 0.019375 0.09450925925925925
0 0.483 0.2480277777777778 0.028645833333333332 0.027314814814814816
0 0.4593697916666667 0.37749074074074074 0.0240625 0.11324074074074074
0 0.8929531249999999 0.45139814814814816 0.032656250000000005 0.12101851851851851
0 0.3276822916666667 0.3278425925925926 0.02453125 0.1063888888888889
