0 0.7787760416666667 0.4849537037037037 0.025104166666666667 0.1174074074074074
0 0.4488489583333334 0.5082962962962964 0.020677083333333336 0.11074074074074074
0 0.9917526041666667 0.41083796296296293 0.016494791666666668 0.08865740740740741
0 0.045656249999999995 0.5763148148148148 0.022135416666666668 0.12768518518518518
0 0.5536276041666667 0.9514212962962963 0.022036458333333335 0.09715740740740741
0 0.6911822916666667 0.6918703703703704 0.04317708333333334 0.12866666666666668
0 0.46811979166666673 0.49231481481481487 0.015729166666666666 0.1
0 0.26298958333333333 0.6728194444444444 0.0328125 0.12380555555555556
0 0.9207968750000001 0.5925370370370371 0.01984375 0.12425925925925925
0 0.6688229166666667 0.5050370370370371 0.02625 0.10824074074074075
0 0.8891145833333334 0.6379120370370371 0.028541666666666667 0.12936111111111112
0 0.4043098958333333 0.3248888888888889 0.015911458333333333 0.08916666666666666
0 0.6375989583333334 0.4328981481481482 0.020572916666666666 0.10250000000000001
0 0.37628645833333335 0.4567407407407408 0.0321875 0.10101851851851851
