0 0.6563385416666667 0.5599814814814815 0.03244791666666667 0.11750000000000001
0 0.2294375 0.46154629629629634 0.016145833333333335 0.09833333333333334
0 0.41310156249999996 0.5254166666666666 0.013171875 0.0649074074074074
0 0.39789322916666664 0.5287685185185185 0.025671875 0.10657407407407407
0 0.31472656250000003 0.3386111111111111 0.020651041666666665 0.08712962962962963
0 0.745421875 0.40623148148148147 0.02705208333333333 0.09324074074074075
0 0.7984218750000001 0.4231388888888889 0.024614583333333332 0.09444444444444444
0 0.34308854166666664 0.8110092592592594 0.03625 0.14296296296296296
0 0.8900052083333334 0.44043518518518515 0.0196875 0.10814814814814815
0 0.75934375 0.4646666666666666 0.029854166666666668 0.11033333333333332
0 0.8417864583333333 0.4142962962962963 0.02354166666666667 0.0913888888888889
0 0.6904114583333333 0.6132222222222222 0.023177083333333334 0.12787037037037036
0 0.7074739583333334 0.4620462962962963 0.024947916666666667 0.10083333333333334
0 0.08204166666666665 0.35303703703703704 0.017291666666666667 0.09111111111111111
