0 0.38503385416666663 0.33121759259259265 0.017921874999999997 0.08593518518518518
0 0.36230208333333336 0.4594861111111111 0.01964583333333333 0.11017592592592593
0 0.5855937499999999 0.3682592592592593 0.0240625 0.09787037037037037
0 0.7651458333333333 0.4107037037037037 0.026041666666666668 0.09601851851851852
0 0.7524010416666667 0.3228611111111111 0.023802083333333335 0.08796296296296297
0 0.731234375 0.5511481481481482 0.019552083333333335 0.10824074074074075
0 0.8853281250000001 0.3836666666666666 0.028854166666666667 0.0887037037037037
0 0.9630963541666666 0.44485185185185183 0.032453125 0.1086111111111111
0 0.9718437499999999 0.5292731481481482 0.021197916666666667 0.12495370370370369
0 0.8430208333333333 0.39078703703703704 0.018489583333333334 0.09027777777777778
0 0.3540677083333333 0.5558981481481483 0.01932291666666667 0.12116666666666667
0 0.854171875 0.5427685185185185 0.03359375 0.08222222222222222
0 0.9011354166666667 0.5987407407407408 0.03390625 0.11750000000000001
0 0.9286770833333334 0.39371296296296293 0.0228125 0.10037037037037037
0 0.6299244791666667 0.33450925925925923 0.019838541666666668 0.08916666666666666
0 0.30621875 0.26477777777777783 0.016979166666666667 0.07962962962962963
0 0.11949479166666667 0.9117407407407407 0.03673958333333334 0.15416666666666667
