0 0.9403906249999999 0.525037037037037 0.022708333333333334 0.11898148148148148
0 0.807453125 0.3950925925925926 0.018333333333333333 0.09111111111111111
0 0.8992760416666666 0.4428101851851852 0.01875 0.11328703703703703
0 0.3427135416666667 0.3378333333333333 0.021145833333333332 0.08611111111111111
0 0.8213333333333334 0.37532407407407403 0.014635416666666668 0.08824074074074074
0 0.08049479166666668 0.89275 0.032864583333333336 0.15666666666666665
0 0.5653776041666667 0.3363425925925926 0.013671875 0.08888888888888889
0 0.71140625 0.41291666666666665 0.01609375 0.09453703703703703
0 0.355125 0.4730462962962963 0.02484375 0.10425925925925926
0 0.31121875000000004 0.552074074074074 0.021833333333333333 0.12166666666666667
0 0.8613645833333333 0.39502777777777776 0.028854166666666667 0.10092592592592593
0 0.6695364583333333 0.5537129629629629 0.030104166666666664 0.10796296296296296
0 0.8226666666666667 0.5384722222222221 0.0328125 0.07777777777777778
0 0.7126041666666667 0.3328055555555556 0.023958333333333335 0.06314814814814815
0 0.2811458333333334 0.24409259259259258 0.016770833333333336 0.07842592592592593
0 0.5789322916666666 0.37222222222222223 0.024270833333333335 0.09453703703703703
0 0.83865625 0.5944814814814815 0.021510416666666664 0.11564814814814815
