0 0.9315729166666666 0.5251574074074074 0.02296875 0.11777777777777779
0 0.8144166666666667 0.5382314814814815 0.03229166666666667 0.07731481481481481
0 0.06513541666666667 0.8780092592592592 0.029312500000000002 0.15462962962962962
0 0.2828177083333333 0.5540185185185186 0.027083333333333334 0.12148148148148147
0 0.795 0.40481481481481485 0.0171875 0.09092592592592592
0 0.5135416666666667 0.3416666666666667 0.016458333333333335 0.08814814814814816
0 0.3726145833333333 0.48305555555555557 0.018802083333333334 0.10574074074074075
0 0.7776145833333333 0.36900925925925926 0.018125 0.08861111111111111
0 0.6270572916666667 0.5598564814814815 0.022395833333333334 0.10806481481481481
0 0.29781250000000004 0.22643518518518518 0.023020833333333334 0.07787037037037037
0 0.7891197916666667 0.5990000000000001 0.03015625 0.11703703703703704
0 0.85734375 0.44225925925925924 0.03057291666666667 0.1100925925925926
0 0.7038020833333334 0.3349537037037037 0.023854166666666666 0.05731481481481481
0 0.8297083333333333 0.40067592592592594 0.016197916666666666 0.10064814814814815
0 0.315390625 0.34759259259259256 0.02109375 0.08833333333333333
0 0.6765104166666667 0.4222222222222222 0.021770833333333333 0.09648148148148149
0 0.6016979166666666 0.3776574074074074 0.018020833333333333 0.09694444444444444
