0 0.8116249999999999 0.43716666666666665 0.03057291666666667 0.10972222222222222
0 0.788890625 0.3961944444444444 0.02328125 0.09944444444444445
0 0.037947916666666665 0.870287037037037 0.0309375 0.15231481481481482
0 0.7326666666666667 0.3603703703703704 0.01421875 0.08768518518518519
0 0.29848958333333336 0.22044444444444444 0.023697916666666666 0.07805555555555556
0 0.7439583333333333 0.5969351851851852 0.0315625 0.11694444444444445
0 0.6793958333333332 0.33185185185185184 0.02484375 0.056296296296296296
0 0.5982968750000001 0.3785925925925926 0.020677083333333336 0.09333333333333334
0 0.9939609375 0.6286435185185185 0.012078125 0.11162037037037037
0 0.639265625 0.42223148148148154 0.01885416666666667 0.09694444444444444
0 0.36553125000000003 0.48908333333333337 0.029010416666666667 0.10703703703703703
0 0.24625520833333334 0.561138888888889 0.024895833333333332 0.12074074074074075
0 0.7614401041666667 0.4056018518518519 0.016494791666666668 0.08925925925925926
0 0.9051770833333334 0.5195555555555555 0.023072916666666665 0.11629629629629629
0 0.2818072916666667 0.3525462962962963 0.019895833333333335 0.08916666666666666
0 0.5815885416666667 0.5606574074074074 0.02671875 0.10805555555555556
0 0.46281770833333336 0.34279629629629627 0.026302083333333334 0.08694444444444445
0 0.7888072916666666 0.532324074074074 0.03296875 0.07777777777777778
