0 0.8925364583333333 0.5182037037037037 0.022447916666666668 0.11657407407407408
0 0.019661458333333333 0.8696296296296295 0.02984375 0.15518518518518518
0 0.7079270833333333 0.3593981481481482 0.02333333333333333 0.08861111111111111
0 0.5579947916666667 0.5641203703703703 0.01703125 0.11064814814814815
0 0.6674114583333334 0.3302407407407407 0.024635416666666667 0.05731481481481481
0 0.7163229166666667 0.5977037037037037 0.02255208333333333 0.11898148148148148
0 0.7453229166666666 0.4108148148148148 0.02203125 0.09166666666666666
0 0.3640364583333333 0.4953055555555556 0.021927083333333333 0.10787037037037037
0 0.26249479166666667 0.35544444444444445 0.02276041666666667 0.09009259259259259
0 0.7761041666666666 0.5295833333333334 0.031875 0.08231481481481483
0 0.2989270833333333 0.21630555555555556 0.01954166666666667 0.0787037037037037
0 0.43273958333333334 0.3435740740740741 0.024427083333333332 0.08722222222222223
0 0.7614088541666667 0.39726851851851847 0.026286458333333332 0.09888888888888889
0 0.790359375 0.4334814814814815 0.01671875 0.11027777777777777
0 0.597125 0.3819444444444444 0.014166666666666666 0.09416666666666666
0 0.6182630208333334 0.42635185185185187 0.023609375 0.09685185185185184
0 0.22263020833333333 0.5664351851851852 0.017864583333333333 0.12453703703703704
0 0.9847942708333334 0.6364722222222222 0.024838541666666665 0.11777777777777779
