0 0.9781718749999999 0.6494722222222222 0.028739583333333332 0.12194444444444444
0 0.20855729166666667 0.573287037037037 0.01963541666666667 0.12546296296296297
0 0.66559375 0.3194351851851852 0.018489583333333334 0.07824074074074074
0 0.887703125 0.5171388888888889 0.021302083333333333 0.11685185185185186
0 0.6954895833333333 0.6008333333333333 0.019583333333333335 0.11685185185185186
0 0.5362552083333333 0.5687685185185186 0.019375 0.10962962962962963
0 0.012286458333333333 0.8642592592592593 0.024572916666666667 0.15925925925925927
0 0.7720208333333335 0.5235648148148149 0.029583333333333333 0.08861111111111111
0 0.7727135416666666 0.43074999999999997 0.021364583333333336 0.10648148148148148
0 0.6881041666666667 0.3550092592592593 0.022916666666666665 0.08666666666666666
0 0.6080729166666666 0.38300925925925927 0.016041666666666666 0.09601851851851852
0 0.253421875 0.36171296296296296 0.021354166666666667 0.09055555555555556
0 0.40623437500000004 0.34933333333333333 0.025260416666666667 0.08787037037037038
0 0.598828125 0.4296203703703704 0.021614583333333333 0.09638888888888889
0 0.30977083333333333 0.21294444444444446 0.01598958333333333 0.07768518518518519
0 0.7306979166666667 0.4133148148148148 0.01921875 0.09064814814814816
0 0.7486171875000001 0.3957037037037037 0.018390625 0.10037037037037037
0 0.37221354166666665 0.5021111111111111 0.022187500000000002 0.10740740740740741
