0 0.24552604166666667 0.3697129629629629 0.02322916666666667 0.09111111111111111
0 0.6654531250000001 0.35137037037037033 0.006197916666666667 0.017499999999999998
0 0.6195833333333334 0.3911111111111111 0.023854166666666666 0.09814814814814815
0 0.9727864583333333 0.6624814814814813 0.026770833333333334 0.12555555555555556
0 0.5917604166666666 0.43669444444444444 0.02432291666666667 0.09796296296296296
0 0.76953125 0.5210648148148148 0.026510416666666665 0.09435185185185185
0 0.6708177083333332 0.35368518518518516 0.02276041666666667 0.08787037037037038
0 0.7361979166666667 0.39687962962962964 0.021927083333333333 0.1
0 0.8883854166666667 0.5187962962962962 0.016979166666666667 0.11851851851851852
0 0.193578125 0.5831296296296297 0.022291666666666664 0.12490740740740741
0 0.32500520833333335 0.21076851851851852 0.02021875 0.07531481481481482
0 0.6774114583333334 0.6041851851851852 0.019947916666666666 0.11675925925925926
0 0.7234114583333333 0.41970370370370375 0.019166666666666665 0.09231481481481482
0 0.7514895833333334 0.43057407407407405 0.029895833333333333 0.10500000000000001
0 0.38546875 0.5113703703703704 0.020781249999999998 0.1137962962962963
0 0.6611041666666667 0.315212962962963 0.017083333333333332 0.08703703703703704
0 0.007557291666666666 0.8538287037037037 0.014927083333333334 0.15410185185185185
0 0.38510416666666664 0.35330555555555554 0.028489583333333336 0.08888888888888889
0 0.52146875 0.5787407407407407 0.01796875 0.1137037037037037
