0 0.23193489583333332 0.4067268518518518 0.02159895833333333 0.10347222222222222
0 0.32144531249999997 0.4168564814814815 0.019276041666666667 0.10239814814814815
0 0.5827083333333333 0.4823148148148148 0.019791666666666666 0.10481481481481482
0 0.8599010416666667 0.2974166666666667 0.017604166666666664 0.09696296296296296
0 0.28355729166666666 0.5216481481481482 0.027000000000000003 0.12225925925925925
0 0.6339609374999999 0.5567083333333334 0.02127604166666667 0.11750925925925926
0 0.92834375 0.4475231481481482 0.027375 0.11360185185185186
0 0.48739583333333336 0.7497685185185186 0.03145833333333333 0.1387962962962963
0 0.48159375 0.40304629629629624 0.019979166666666666 0.104
0 0.7913125 0.8404861111111112 0.04552083333333334 0.15558333333333332
0 0.5723333333333334 0.6839814814814815 0.02025 0.13344444444444445
0 0.39314583333333336 0.3499814814814815 0.01627083333333333 0.09903703703703703
0 0.43918489583333337 0.29635648148148147 0.017932291666666666 0.07602777777777778
