0 0.4395208333333333 0.6410370370370371 0.027625 0.12866666666666668
0 0.31442708333333336 0.7327314814814815 0.03395833333333333 0.13361111111111112
0 0.2558958333333334 0.324125 0.022427083333333334 0.09747222222222222
0 0.5306770833333333 0.5233333333333334 0.022916666666666665 0.11666666666666667
0 0.08762500000000001 0.4057175925925926 0.03170833333333333 0.10241666666666667
0 0.8212395833333334 0.42153703703703704 0.0244375 0.113
0 0.46221354166666667 0.47023148148148153 0.022135416666666668 0.10472222222222222
0 0.33381249999999996 0.2884861111111111 0.022677083333333334 0.0838425925925926
0 0.7621458333333333 0.28481481481481485 0.017 0.096
0 0.9378932291666667 0.5650462962962963 0.027901041666666668 0.13296296296296295
0 0.9216041666666667 0.4424861111111111 0.02321875 0.11952777777777777
0 0.13067708333333333 0.4296481481481481 0.0305625 0.10566666666666667
0 0.6461145833333333 0.825412037037037 0.03671875 0.15378703703703703
0 0.8825078125 0.7898194444444444 0.035046875000000005 0.14297222222222222
0 0.3881145833333334 0.40131481481481485 0.0275625 0.1118888888888889
0 0.21630208333333334 0.508611111111111 0.0215625 0.12314814814814815
