0 0.33703645833333334 0.20693981481481483 0.012531249999999999 0.07650925925925925
0 0.9686302083333334 0.6771203703703704 0.025208333333333333 0.12725925925925927
0 0.6563489583333334 0.6108842592592594 0.023416666666666665 0.11793518518518518
0 0.7042838541666666 0.4416481481481481 0.005098958333333333 0.006999999999999999
0 0.7137760416666665 0.42297222222222225 0.016749999999999998 0.09231481481481482
0 0.7316510416666666 0.43159722222222224 0.026614583333333334 0.10891666666666666
0 0.18260156249999998 0.5930787037037036 0.019161458333333332 0.12752777777777777
0 0.6559427083333332 0.3491018518518519 0.02296875 0.08668518518518518
0 0.5035729166666667 0.5846527777777777 0.021104166666666667 0.11410185185185186
0 0.6530989583333332 0.31698611111111114 0.012864583333333334 0.09047222222222222
0 0.7632291666666667 0.5185231481481481 0.0265625 0.10863888888888888
0 0.39366145833333327 0.5177222222222222 0.020885416666666667 0.11214814814814815
0 0.362140625 0.35904166666666665 0.0265625 0.08863888888888889
0 0.6290520833333333 0.3958796296296296 0.021041666666666667 0.09946296296296296
0 0.24000520833333333 0.37675925925925924 0.022187500000000002 0.09353703703703703
0 0.721859375 0.39618055555555554 0.014656250000000001 0.0975462962962963
0 0.5800416666666666 0.440587962962963 0.017020833333333332 0.09891666666666667
0 0.88875 0.5189166666666666 0.02109375 0.1199814814814815
