0 0.48823958333333334 0.5937731481481481 0.023697916666666666 0.11530555555555555
0 0.7065182291666667 0.4275185185185185 0.021640625 0.09357407407407407
0 0.23229687499999999 0.38418981481481485 0.022395833333333334 0.09419444444444444
0 0.7448229166666667 0.5177962962962963 0.0284375 0.11146296296296296
0 0.402453125 0.524236111111111 0.02015625 0.1173425925925926
0 0.6376822916666666 0.3995972222222222 0.028125 0.10002777777777778
0 0.640484375 0.33393055555555556 0.022500000000000003 0.06130555555555555
0 0.6459973958333334 0.30618981481481483 0.012692708333333334 0.06497222222222222
0 0.6359635416666667 0.31754629629629627 0.004218749999999999 0.01101851851851852
0 0.9611302083333334 0.6906064814814815 0.027291666666666665 0.13086111111111112
0 0.7201354166666667 0.43120833333333336 0.019947916666666666 0.11012037037037038
0 0.570234375 0.4467731481481481 0.02041666666666667 0.1009537037037037
0 0.6491145833333334 0.34699074074074077 0.0071875 0.030703703703703702
0 0.171609375 0.6044305555555556 0.029791666666666668 0.12975
0 0.7086692708333333 0.37525462962962963 0.014005208333333333 0.05976851851851851
0 0.344203125 0.3620694444444444 0.02671875 0.08836111111111111
0 0.344984375 0.203875 0.0140625 0.07660185185185185
0 0.6342005208333333 0.3578287037037037 0.0043593749999999995 0.007972222222222223
0 0.8896953125 0.5206064814814815 0.031609375 0.12058333333333332
0 0.638765625 0.6142268518518519 0.032864583333333336 0.11623148148148148
