0 0.6100963541666666 0.623162037037037 0.023651041666666664 0.1198425925925926
0 0.6857317708333334 0.4350925925925926 0.015578125 0.09455555555555556
0 0.9508307291666667 0.7139027777777779 0.026703125 0.1334537037037037
0 0.6836380208333332 0.37226851851851855 0.016130208333333333 0.05324074074074074
0 0.14638541666666666 0.6174120370370371 0.020791666666666667 0.13299074074074074
0 0.70334375 0.4335324074074074 0.02984375 0.11067592592592593
0 0.650171875 0.40926388888888887 0.022239583333333333 0.10076851851851852
0 0.4105989583333333 0.5389814814814815 0.01973958333333333 0.1164074074074074
0 0.3108828125 0.3693703703703704 0.013953125 0.0926111111111111
0 0.7214817708333333 0.5262638888888889 0.024734375 0.11326851851851852
0 0.8954427083333333 0.5265694444444444 0.03203125 0.12113888888888891
0 0.6150208333333335 0.3451342592592593 0.024635416666666667 0.08419444444444445
0 0.4597447916666667 0.6036435185185186 0.021625000000000002 0.11589814814814815
0 0.6803281250000001 0.4119814814814815 0.005864583333333334 0.027777777777777776
0 0.6900572916666666 0.4005 0.0040104166666666665 0.012037037037037037
0 0.6269765625 0.3224537037037037 0.016046875 0.09101851851851851
0 0.22094270833333335 0.3959722222222222 0.01598958333333333 0.09622222222222222
0 0.5585208333333332 0.4580972222222222 0.01963541666666667 0.10012037037037036
0 0.3527265625 0.20136574074074073 0.01718229166666667 0.07530555555555556
