0 0.43680989583333335 0.6186574074074074 0.02978645833333333 0.11475925925925926
0 0.6722916666666666 0.3813611111111111 0.011666666666666665 0.06716666666666667
0 0.6091510416666668 0.32618518518518513 0.024895833333333332 0.0887962962962963
0 0.5863072916666667 0.6295925925925926 0.02255208333333333 0.11844444444444445
0 0.6679036458333333 0.39825 0.020578125 0.05590740740740741
0 0.12189583333333334 0.6317916666666668 0.02453125 0.13650925925925927
0 0.5913125 0.34397685185185184 0.013645833333333333 0.08502777777777777
0 0.281546875 0.3784490740740741 0.029062499999999998 0.09132407407407407
0 0.21286458333333333 0.4081851851851852 0.0175 0.09612962962962962
0 0.9036562499999999 0.5283657407407407 0.036145833333333335 0.12030555555555557
0 0.7096354166666666 0.4376574074074074 0.026770833333333334 0.11279629629629628
0 0.94821875 0.740087962962963 0.028958333333333332 0.13539814814814813
0 0.42683854166666674 0.5544027777777779 0.0211875 0.11817592592592592
0 0.6619036458333334 0.44777314814814817 0.007765625 0.026490740740740742
0 0.3631197916666667 0.2024398148148148 0.013125 0.07678703703703704
0 0.5514270833333333 0.4683611111111112 0.025208333333333333 0.10122222222222221
0 0.6684166666666667 0.4417638888888889 0.018802083333333334 0.09502777777777778
0 0.705421875 0.5353518518518519 0.024583333333333336 0.11335185185185186
