0 0.3634322916666667 0.6656527777777778 0.02666666666666667 0.11067592592592593
0 0.19951562500000003 0.4402453703703704 0.017552083333333336 0.10008333333333333
0 0.5268854166666667 0.6637638888888889 0.02411458333333333 0.1195648148148148
0 0.7179895833333333 0.43818981481481484 0.028072916666666666 0.10456481481481482
0 0.46910416666666666 0.5931435185185185 0.028541666666666667 0.12030555555555557
0 0.19847395833333334 0.38237037037037036 0.01359375 0.049185185185185186
0 0.6360416666666667 0.4616064814814815 0.01796875 0.09558333333333334
0 0.6473645833333334 0.559449074074074 0.026354166666666668 0.11493518518518518
0 0.5194375 0.4976157407407407 0.022500000000000003 0.10475
0 0.3314375 0.21572685185185186 0.015625 0.07382407407407408
0 0.07097916666666666 0.6707268518518519 0.03197916666666666 0.13836111111111113
0 0.9345208333333334 0.8233842592592593 0.029947916666666668 0.14252777777777778
0 0.18803385416666665 0.4358888888888889 0.010546875 0.0347037037037037
0 0.5599375000000001 0.3354490740740741 0.01864583333333333 0.08993518518518519
0 0.912171875 0.5293564814814814 0.03291666666666667 0.12150925925925925
0 0.20693229166666666 0.4378009259259259 0.004989583333333334 0.02236111111111111
0 0.5222916666666666 0.34438425925925925 0.01671875 0.08539814814814815
0 0.636140625 0.39288888888888895 0.017447916666666667 0.07611111111111112
0 0.7681458333333333 0.4456805555555556 0.03078125 0.11141666666666666
