0 0.810546875 0.44566666666666666 0.02765625 0.11168518518518519
0 0.9328255208333333 0.8839212962962962 0.035932291666666664 0.1512314814814815
0 0.5035963541666667 0.5211574074074075 0.023015624999999998 0.10842592592592593
0 0.7368020833333334 0.45319444444444446 0.0296875 0.10587037037037038
0 0.6212838541666666 0.41831018518518515 0.021942708333333335 0.06450925925925927
0 0.6178281250000001 0.5789953703703704 0.022114583333333333 0.11862037037037039
0 0.30859375 0.6915694444444445 0.033854166666666664 0.12391666666666667
0 0.039942708333333334 0.684212962962963 0.021802083333333333 0.1413148148148148
0 0.3021770833333333 0.2254212962962963 0.015364583333333333 0.07650925925925925
0 0.5232421875 0.33927314814814813 0.017838541666666666 0.0898425925925926
0 0.4902942708333333 0.6884305555555555 0.029328125 0.12399074074074073
0 0.491421875 0.6029398148148147 0.024802083333333332 0.07578703703703703
0 0.13667447916666667 0.4233148148148148 0.026578125 0.09714814814814815
0 0.4731458333333334 0.33959259259259256 0.025625000000000002 0.08466666666666667
0 0.18372395833333333 0.46511574074074075 0.0259375 0.10243518518518518
0 0.9310208333333333 0.5179675925925926 0.020625 0.11928703703703705
0 0.6220416666666667 0.4747037037037037 0.02075 0.09681481481481481
