0 0.9598229166666666 0.5113888888888889 0.03307291666666667 0.11696296296296296
0 0.602765625 0.5956805555555555 0.021354166666666667 0.12123148148148148
0 0.4683046875 0.706412037037037 0.023286458333333333 0.12391666666666667
0 0.44203125 0.3354212962962963 0.020364583333333335 0.08336111111111111
0 0.6082760416666667 0.4823194444444444 0.019010416666666665 0.0984537037037037
0 0.74925 0.46435648148148145 0.03046875 0.10789814814814815
0 0.03255989583333333 0.6866111111111112 0.020203125 0.13649999999999998
0 0.5048229166666667 0.6552175925925926 0.023489583333333335 0.1235462962962963
0 0.27692187500000004 0.23139351851851853 0.02411458333333333 0.07900925925925925
0 0.09662239583333335 0.43943518518518515 0.027859375000000002 0.09946296296296296
0 0.49671875000000004 0.3437268518518518 0.023802083333333335 0.09123148148148148
0 0.17667708333333332 0.48407870370370365 0.021302083333333333 0.10410185185185186
0 0.26417968750000004 0.7106388888888889 0.030786458333333332 0.12788888888888889
0 0.4973177083333333 0.537462962962963 0.023489583333333335 0.11075925925925927
0 0.9321406250000001 0.9269120370370371 0.032864583333333336 0.14617592592592593
0 0.8461354166666666 0.4400601851851852 0.030208333333333334 0.10928703703703704
0 0.6195468749999999 0.42827777777777776 0.023885416666666666 0.06807407407407406
