0 0.46465104166666665 0.7300416666666666 0.024010416666666666 0.12900925925925927
0 0.2696510416666667 0.24110648148148148 0.01864583333333333 0.07632407407407409
0 0.49672916666666667 0.3508842592592593 0.014343749999999999 0.09252777777777778
0 0.08254166666666667 0.45714351851851853 0.018593750000000003 0.10169444444444445
0 0.7882161458333333 0.48107870370370365 0.022609374999999998 0.10471296296296297
0 0.18871354166666665 0.5043888888888889 0.021666666666666667 0.10529629629629629
0 0.5130572916666666 0.5580462962962962 0.024270833333333335 0.11298148148148147
0 0.5466770833333333 0.6910972222222223 0.023791666666666666 0.12826851851851853
0 0.9500677083333333 0.9558657407407408 0.03319791666666667 0.08826851851851851
0 0.908125 0.4423842592592592 0.02713541666666667 0.10882407407407407
0 0.052395833333333336 0.7005046296296297 0.028072916666666666 0.1408611111111111
0 0.6133645833333333 0.49477314814814816 0.021302083333333333 0.09975
0 0.435609375 0.34049074074074076 0.0184375 0.08538888888888889
0 0.6423125 0.43091666666666667 0.023072916666666665 0.06835185185185184
0 0.24227083333333335 0.7334999999999999 0.025052083333333332 0.1303888888888889
0 0.6079583333333333 0.6198935185185185 0.02354166666666667 0.1233611111111111
