0 0.5299192708333333 0.7586388888888889 0.024838541666666665 0.132
0 0.010440104166666667 0.7440740740740741 0.020880208333333334 0.1461111111111111
0 0.5973437500000001 0.5890277777777777 0.024687499999999998 0.11675925925925926
0 0.701875 0.515324074074074 0.02 0.10027777777777777
0 0.6748177083333332 0.6469907407407407 0.01984375 0.12175925925925926
0 0.15166666666666667 0.7156944444444444 0.020729166666666667 0.14194444444444446
0 0.523203125 0.35587962962962966 0.015364583333333333 0.07509259259259259
0 0.89234375 0.5094444444444444 0.0183125 0.11177777777777778
0 0.5698177083333335 0.3644907407407408 0.018385416666666664 0.09324074074074075
0 0.2907682291666667 0.7546296296296297 0.02559895833333333 0.13018518518518518
0 0.03613541666666666 0.7208287037037037 0.047072916666666666 0.13797222222222222
0 0.27585937499999996 0.5315740740740741 0.02276041666666667 0.10777777777777778
0 0.7397812500000001 0.44116666666666665 0.0230625 0.06966666666666667
0 0.042708333333333334 0.7630555555555556 0.04177083333333333 0.1446296296296296
0 0.1482421875 0.476787037037037 0.026119791666666666 0.1007962962962963
0 0.3318229166666667 0.25277777777777777 0.0203125 0.07388888888888889
0 0.665546875 0.7442129629629629 0.025364583333333336 0.1310185185185185
