0 0.616796875 0.6018518518518519 0.025156249999999998 0.115
0 0.16778645833333333 0.7243333333333333 0.03114583333333333 0.14003703703703704
0 0.05809895833333334 0.6867129629629629 0.021510416666666664 0.07324074074074073
0 0.5334895833333333 0.7744907407407406 0.03364583333333333 0.13157407407407407
0 0.04057291666666667 0.7500925925925926 0.02 0.14629629629629629
0 0.9220130208333333 0.5181990740740741 0.02077604166666667 0.10973148148148149
0 0.5882552083333333 0.3721759259259259 0.018177083333333333 0.08898148148148148
0 0.7084244791666666 0.7746203703703703 0.026921874999999998 0.13766666666666666
0 0.3002265625 0.5455324074074074 0.02159895833333333 0.11026851851851852
0 0.7696354166666666 0.4429166666666666 0.023020833333333334 0.0687962962962963
0 0.7228125 0.5259444444444444 0.020374999999999997 0.103
0 0.28703125 0.7735185185185185 0.026041666666666668 0.13314814814814815
0 0.14932291666666667 0.4864351851851852 0.0206875 0.10314814814814816
0 0.33744791666666674 0.2538888888888889 0.016354166666666666 0.07944444444444444
0 0.553984375 0.3648148148148148 0.016510416666666666 0.05740740740740741
0 0.07346354166666666 0.7708796296296297 0.012864583333333334 0.034166666666666665
0 0.68 0.6627314814814815 0.0215625 0.12787037037037036
0 0.059843749999999994 0.767037037037037 0.027916666666666666 0.13870370370370372
