0 0.688125 0.5755324074074074 0.030604166666666665 0.12893518518518518
0 0.22372395833333333 0.22972222222222224 0.017552083333333336 0.08185185185185186
0 0.43181250000000004 0.5185000000000001 0.02275 0.11011111111111112
0 0.4186197916666667 0.35324074074074074 0.02015625 0.09981481481481481
0 0.008955729166666667 0.5128842592592592 0.017911458333333335 0.11312037037037037
0 0.7445260416666667 0.3564675925925926 0.024447916666666666 0.10252777777777779
0 0.6029244791666667 0.24533333333333332 0.028348958333333334 0.08666666666666666
0 0.36617187500000004 0.3073148148148148 0.022239583333333333 0.08370370370370371
0 0.04184895833333333 0.7263842592592593 0.04434375 0.14228703703703702
0 0.316328125 0.49023148148148143 0.029947916666666668 0.10935185185185185
0 0.08169270833333334 0.12250000000000001 0.016927083333333332 0.07648148148148147
0 0.09309114583333335 0.928611111111111 0.024984375 0.14277777777777775
