0 0.7644791666666666 0.42615740740740743 0.0215625 0.09768518518518518
0 0.046796874999999995 0.815324074074074 0.00578125 0.008611111111111111
0 0.042919270833333335 0.7775046296296296 0.030130208333333335 0.14597222222222223
0 0.7167369791666667 0.8208657407407407 0.027973958333333333 0.14652777777777778
0 0.49184375 0.7858888888888889 0.0329375 0.13133333333333333
0 0.289375 0.5679166666666666 0.021770833333333333 0.11398148148148148
0 0.058229166666666665 0.7285277777777779 0.030520833333333334 0.1476111111111111
0 0.11336197916666667 0.5038657407407408 0.024223958333333333 0.10613888888888888
0 0.5797916666666666 0.3850462962962963 0.025104166666666667 0.06324074074074074
0 0.5498125 0.3613888888888889 0.0160625 0.06144444444444445
0 0.71234375 0.5398333333333333 0.0193125 0.07588888888888888
0 0.14692708333333332 0.7299305555555556 0.02625 0.14573148148148146
0 0.30411458333333335 0.2593518518518519 0.016354166666666666 0.08
0 0.9188098958333334 0.5206388888888889 0.020703125 0.11455555555555555
0 0.6460130208333333 0.6785972222222222 0.025578125 0.1302685185185185
0 0.6025781250000001 0.6202777777777778 0.02703125 0.11796296296296296
0 0.03694270833333334 0.7195416666666666 0.023781249999999997 0.08612037037037037
0 0.24845833333333334 0.7962962962962963 0.028687499999999998 0.13711111111111113
