0 0.0239296875 0.8094768518518519 0.013494791666666667 0.05271296296296296
0 0.9208203125000001 0.5196574074074074 0.027671875000000002 0.114
0 0.14865625000000002 0.719 0.026312500000000003 0.14333333333333334
0 0.7672500000000001 0.9428009259259259 0.030604166666666665 0.11439814814814815
0 0.54609375 0.35648148148148145 0.017291666666666667 0.08722222222222223
0 0.20808072916666667 0.8620185185185185 0.035744791666666664 0.14303703703703702
0 0.67946875 0.5369999999999999 0.017562499999999998 0.10444444444444444
0 0.7272395833333333 0.44722222222222224 0.027395833333333335 0.10740740740740741
0 0.5716927083333334 0.36962962962962964 0.01921875 0.09481481481481482
0 0.016666666666666666 0.7307037037037037 0.024270833333333335 0.08159259259259259
0 0.43371875 0.8465555555555555 0.0243125 0.14466666666666667
0 0.30193749999999997 0.6222777777777777 0.033125 0.11944444444444445
0 0.048255208333333334 0.7333796296296295 0.03494791666666666 0.1400925925925926
0 0.6442187500000001 0.7063333333333334 0.0335625 0.13244444444444445
0 0.028479166666666667 0.5346203703703704 0.026916666666666665 0.11
0 0.24052083333333332 0.28777777777777774 0.017083333333333332 0.08222222222222222
0 0.5370729166666667 0.670962962962963 0.027270833333333334 0.12175925925925926
0 0.017544270833333334 0.7876342592592592 0.026713541666666667 0.14558333333333331
