0 0.4429166666666667 0.865925925925926 0.0265625 0.14351851851851852
0 0.33424479166666665 0.6159722222222223 0.019010416666666665 0.11824074074074074
0 0.6658072916666666 0.5421759259259259 0.018072916666666668 0.10398148148148148
0 0.01265625 0.789537037037037 0.0253125 0.14203703703703704
0 0.518828125 0.6809259259259259 0.025156249999999998 0.12407407407407407
0 0.786296875 0.9596805555555555 0.030885416666666665 0.0806388888888889
0 0.008255208333333333 0.5292592592592593 0.016510416666666666 0.1087037037037037
0 0.5596614583333334 0.3706944444444445 0.01963541666666667 0.09398148148148149
0 0.04658854166666667 0.732962962962963 0.03526041666666667 0.1411111111111111
0 0.01546875 0.7677777777777778 0.028645833333333332 0.14851851851851852
0 0.9031510416666666 0.5209259259259259 0.03203125 0.10888888888888888
0 0.5473437499999999 0.3599537037037037 0.014895833333333334 0.08305555555555556
0 0.22346875 0.2933333333333333 0.014437499999999999 0.08244444444444445
0 0.16106770833333334 0.7091203703703702 0.02723958333333333 0.14083333333333334
0 0.22779947916666668 0.8630416666666666 0.032401041666666665 0.14360185185185184
0 0.71859375 0.4504444444444444 0.021062499999999998 0.10444444444444444
0 0.6421093750000001 0.7066666666666667 0.03140625 0.12962962962962962
