0 0.50825 0.6966666666666667 0.028 0.12733333333333335
0 0.3697916666666667 0.6039814814814816 0.030416666666666665 0.115
0 0.7097395833333333 0.45694444444444443 0.0215625 0.1037037037037037
0 0.16583333333333333 0.6951388888888889 0.025520833333333333 0.1423148148148148
0 0.25109375 0.8642777777777778 0.035562500000000004 0.14366666666666666
0 0.65278125 0.5491111111111112 0.0180625 0.10222222222222223
0 0.64125 0.7062777777777778 0.030625 0.13033333333333333
0 0.2084375 0.30416666666666664 0.021145833333333332 0.08555555555555557
0 0.04502604166666666 0.7333796296296297 0.03480208333333333 0.13999999999999999
0 0.5526302083333334 0.3662037037037037 0.014739583333333334 0.08777777777777777
0 0.53859375 0.3701851851851851 0.024583333333333336 0.09240740740740741
0 0.8943489583333333 0.5239351851851852 0.02328125 0.11324074074074074
0 0.8037499999999999 0.9818333333333332 0.026125 0.036333333333333336
0 0.45656250000000004 0.897037037037037 0.02822916666666667 0.1496296296296296
0 0.01225 0.7640555555555556 0.0245 0.12633333333333333
0 0.006403645833333333 0.8297777777777777 0.007505208333333333 0.044259259259259255
0 0.014838541666666668 0.7925092592592592 0.029625000000000002 0.13612962962962963
