0 0.441328125 0.575324074074074 0.01963541666666667 0.11157407407407408
0 0.5587916666666666 0.3773333333333333 0.017833333333333333 0.08733333333333333
0 0.17161458333333332 0.66625 0.022395833333333334 0.13694444444444445
0 0.009911458333333335 0.8049768518518519 0.01982291666666667 0.14160185185185187
0 0.6390260416666667 0.7054444444444444 0.0315 0.13212962962962962
0 0.8936718750000001 0.5435648148148148 0.019947916666666666 0.11805555555555555
0 0.043229166666666666 0.7331944444444445 0.035416666666666666 0.14305555555555555
0 0.6836979166666666 0.47375 0.024583333333333336 0.10675925925925926
0 0.29627604166666666 0.8524074074074073 0.03015625 0.145
0 0.4830338541666667 0.9417777777777778 0.02900520833333333 0.11644444444444445
0 0.17518749999999997 0.319 0.018125 0.086
0 0.015000000000000001 0.7741203703703703 0.028333333333333332 0.14564814814814817
0 0.4999765625 0.3682083333333333 0.023671875000000002 0.09263888888888888
0 0.6199999999999999 0.5611111111111111 0.026145833333333333 0.10555555555555556
0 0.5077864583333332 0.7327314814814815 0.028281249999999997 0.13194444444444445
