0 0.7097916666666667 0.7264907407407406 0.04051041666666667 0.13342592592592592
0 0.9071119791666666 0.48391203703703706 0.027078125 0.11547222222222221
0 0.822 0.39444444444444443 0.021125 0.10022222222222221
0 0.49736979166666667 0.4366666666666667 0.01921875 0.09314814814814815
0 0.4615885416666667 0.7005231481481481 0.025197916666666667 0.12432407407407409
0 0.4284375 0.3590740740740741 0.017916666666666668 0.0938888888888889
0 0.43546875 0.2783333333333334 0.017437499999999998 0.07622222222222222
0 0.17698697916666667 0.4747129629629629 0.020026041666666668 0.11199999999999999
0 0.9028619791666667 0.4172777777777778 0.023401041666666667 0.09544444444444444
0 0.8908203125 0.785513888888889 0.030140624999999997 0.14058333333333334
0 0.521953125 0.7143055555555556 0.025677083333333333 0.13324074074074074
0 0.36273437499999994 0.3709259259259259 0.023072916666666665 0.09111111111111111
0 0.20872395833333332 0.3635185185185185 0.021510416666666664 0.09074074074074075
0 0.7084374999999999 0.28046296296296297 0.02666666666666667 0.08685185185185185
0 0.4065 0.33677777777777773 0.020625 0.09155555555555556
0 0.568625 0.5262777777777777 0.020125 0.10566666666666667
