0 0.5832552083333333 0.5179166666666667 0.02109375 0.1086111111111111
0 0.9426302083333333 0.4884907407407408 0.019770833333333335 0.12135185185185185
0 0.5325 0.6801666666666667 0.024625 0.12455555555555556
0 0.19317708333333336 0.4746296296296296 0.024583333333333336 0.11481481481481481
0 0.40629947916666664 0.3252453703703704 0.021151041666666665 0.09252777777777778
0 0.43446874999999996 0.26366666666666666 0.0134375 0.0768888888888889
0 0.21986979166666665 0.357037037037037 0.018177083333333333 0.09481481481481482
0 0.9284114583333333 0.7740277777777778 0.03171875 0.14175925925925925
0 0.9338932291666667 0.42266203703703703 0.024265625000000002 0.09880555555555555
0 0.37178124999999995 0.3635 0.0193125 0.09366666666666666
0 0.4551822916666667 0.34912037037037036 0.016614583333333332 0.09212962962962963
0 0.46501041666666665 0.7025648148148149 0.026052083333333333 0.13162962962962962
0 0.8494375000000001 0.3924444444444445 0.021 0.10311111111111111
0 0.7343489583333334 0.7427314814814815 0.04317708333333334 0.1386111111111111
0 0.5292317708333333 0.43504166666666666 0.020078125 0.09460185185185185
0 0.7441875 0.2672777777777777 0.018500000000000003 0.08633333333333333
