0 0.9940208333333334 0.5236944444444444 0.011875 0.12466666666666665
0 0.23500520833333335 0.3729444444444444 0.022885416666666665 0.09875925925925925
0 0.6108723958333333 0.5365833333333333 0.022651041666666667 0.11533333333333333
0 0.5653151041666666 0.4528935185185185 0.018182291666666666 0.09887962962962964
0 0.440953125 0.27068055555555554 0.01627083333333333 0.08039814814814815
0 0.37324999999999997 0.37924074074074077 0.02263541666666667 0.09416666666666666
0 0.24292708333333335 0.4947083333333333 0.03448958333333333 0.11791666666666666
0 0.48382812499999994 0.7208749999999999 0.029447916666666667 0.1335648148148148
0 0.5556848958333334 0.6748101851851851 0.026348958333333335 0.1305462962962963
0 0.41128125 0.3347314814814815 0.019177083333333334 0.09601851851851852
0 0.4774192708333333 0.3681712962962963 0.018223958333333335 0.09706481481481481
0 0.9854583333333333 0.4406851851851852 0.01825 0.11988888888888888
0 0.89078125 0.41156944444444443 0.022427083333333334 0.10973148148148149
0 0.8010625000000001 0.27714814814814814 0.020968749999999998 0.09151851851851853
0 0.9829010416666666 0.7901203703703703 0.03419791666666667 0.14431481481481484
0 0.7696510416666666 0.7850231481481482 0.0458125 0.14710185185185184
