0 0.4072395833333333 0.3492777777777778 0.01503125 0.0952037037037037
0 0.8318593750000001 0.2934351851851852 0.018677083333333334 0.08946296296296297
0 0.4949088541666667 0.7400277777777778 0.026369791666666666 0.13583333333333333
0 0.9969817708333334 0.4345833333333334 0.006036458333333333 0.00774074074074074
0 0.9110859375 0.43503703703703706 0.021963541666666666 0.10944444444444444
0 0.6230781249999999 0.5531296296296296 0.020427083333333332 0.11727777777777777
0 0.7854270833333333 0.8176805555555556 0.0444375 0.15071296296296297
0 0.48170833333333335 0.3906666666666666 0.023177083333333334 0.09933333333333333
0 0.5684114583333333 0.6815694444444444 0.029249999999999998 0.1331203703703704
0 0.27132291666666664 0.5133240740740741 0.02903125 0.12127777777777776
0 0.5813541666666666 0.47306018518518517 0.020177083333333335 0.10026851851851852
0 0.9957942708333333 0.7959444444444445 0.008411458333333333 0.1247962962962963
0 0.23790885416666666 0.3937638888888889 0.014546874999999999 0.10019444444444443
0 0.9982395833333333 0.45892592592592596 0.0034375 0.023333333333333334
0 0.35835677083333334 0.40079166666666666 0.025932291666666666 0.09510185185185184
0 0.9987057291666666 0.5062685185185185 0.0025885416666666665 0.007907407407407406
0 0.4421953125 0.2915185185185185 0.022505208333333335 0.06368518518518519
