0 0.7916744791666667 0.833949074074074 0.04481770833333333 0.15280555555555556
0 0.3376328125 0.4108935185185185 0.028348958333333334 0.09680555555555555
0 0.439984375 0.30277777777777776 0.023854166666666666 0.053648148148148146
0 0.49006249999999996 0.7458194444444445 0.027979166666666666 0.1358425925925926
0 0.9244921875 0.4429166666666666 0.025453125 0.11355555555555556
0 0.9974843750000001 0.7894722222222222 0.004979166666666667 0.039870370370370375
0 0.5710468750000001 0.6819490740740741 0.020968749999999998 0.1305648148148148
0 0.23313541666666668 0.4021851851851852 0.02041666666666667 0.10175925925925926
0 0.3989270833333333 0.3508703703703704 0.018802083333333334 0.0962962962962963
0 0.6309427083333332 0.5568009259259259 0.02272916666666667 0.11769444444444445
0 0.8505052083333333 0.2957546296296297 0.025052083333333332 0.09267592592592593
0 0.27974479166666666 0.5196574074074074 0.0300625 0.12188888888888888
0 0.4821640625 0.39754629629629634 0.02197395833333333 0.1007962962962963
0 0.5835130208333333 0.4792268518518519 0.01828645833333333 0.10212037037037038
