0 0.7499010416666667 0.6269814814814816 0.03764583333333334 0.1272037037037037
0 0.22129166666666666 0.21536111111111111 0.015000000000000001 0.0799074074074074
0 0.050354166666666665 0.47484722222222225 0.026614583333333334 0.11437962962962964
0 0.6062786458333334 0.25525925925925924 0.03125520833333333 0.08824074074074074
0 0.11742187500000001 0.7431435185185186 0.06066666666666667 0.13024999999999998
0 0.09123697916666668 0.1165787037037037 0.01806770833333333 0.07897222222222222
0 0.28988802083333337 0.4858055555555555 0.023942708333333333 0.11359259259259259
0 0.44277083333333334 0.4874907407407407 0.020052083333333335 0.11175925925925927
0 0.35378645833333333 0.29950462962962965 0.0171875 0.08736111111111111
0 0.05207031250000001 0.9638796296296296 0.02849479166666667 0.07224074074074073
0 0.8451067708333333 0.38143518518518515 0.017401041666666665 0.11212962962962962
0 0.022096354166666665 0.2796342592592593 0.02158854166666667 0.10147222222222223
0 0.45774479166666665 0.3227407407407407 0.025249999999999998 0.08688888888888889
