0 0.8586380208333334 0.2965231481481482 0.018869791666666667 0.09299074074074075
0 0.6339557291666666 0.5575138888888889 0.021015625 0.11897222222222223
0 0.4394140625 0.2966990740740741 0.018536458333333335 0.07180555555555555
0 0.3934348958333333 0.3496898148148148 0.016369791666666668 0.09787962962962962
0 0.9281875 0.44682407407407404 0.026770833333333334 0.11287037037037037
0 0.28146614583333335 0.5214907407407408 0.026401041666666666 0.12187037037037038
0 0.9970520833333334 0.7828888888888889 0.005895833333333334 0.03125925925925926
0 0.323546875 0.41537962962962965 0.018187500000000002 0.09966666666666667
0 0.5723255208333333 0.6842037037037038 0.019442708333333333 0.13231481481481483
0 0.4811328125 0.4021574074074074 0.018942708333333332 0.102
0 0.4876640625 0.7485833333333334 0.031046874999999998 0.13787037037037037
0 0.5825625 0.48198148148148146 0.01896875 0.104
0 0.7916979166666667 0.8400925925925925 0.04507291666666667 0.1552037037037037
0 0.23230729166666667 0.4061574074074074 0.021374999999999998 0.10155555555555557
