0 0.28077083333333336 0.42514814814814816 0.02771875 0.1007962962962963
0 0.8640677083333334 0.29659259259259263 0.018177083333333333 0.09648148148148149
0 0.6275182291666667 0.5509907407407407 0.022328124999999997 0.11907407407407407
0 0.571921875 0.4810925925925925 0.021 0.10333333333333333
0 0.5530520833333334 0.6706851851851852 0.022375 0.12866666666666668
0 0.46172916666666663 0.7449444444444444 0.032177083333333335 0.1347962962962963
0 0.7752473958333332 0.8436481481481483 0.034109375 0.15775925925925927
0 0.437375 0.29158333333333336 0.015447916666666667 0.08759259259259258
0 0.9228489583333334 0.4481527777777778 0.024895833333333332 0.11563888888888889
0 0.9908750000000001 0.8010231481481481 0.01825 0.14678703703703705
0 0.21376302083333332 0.40714351851851854 0.01747395833333333 0.10480555555555555
0 0.47205729166666666 0.4084722222222222 0.018072916666666668 0.10361111111111111
0 0.3716041666666667 0.3457407407407408 0.02364583333333333 0.0987037037037037
0 0.289453125 0.520462962962963 0.0203125 0.12333333333333332
