0 0.27791927083333334 0.5169259259259259 0.024390625 0.1232037037037037
0 0.1741484375 0.4090694444444445 0.020609375 0.10528703703703703
0 0.8365104166666667 0.2937916666666667 0.013229166666666665 0.09825
0 0.32844270833333333 0.337625 0.01934375 0.09986111111111111
0 0.44549739583333337 0.41042592592592597 0.02159895833333333 0.10146296296296296
0 0.5130859375 0.6579027777777777 0.023130208333333332 0.1305648148148148
0 0.4053411458333333 0.29151851851851857 0.015140625 0.0832037037037037
0 0.9610755208333333 0.7992824074074073 0.031182291666666664 0.14778703703703705
0 0.4056276041666667 0.7400509259259259 0.035640625 0.13325
0 0.5355807291666667 0.4796759259259259 0.020067708333333333 0.10527777777777778
0 0.8934427083333333 0.43939814814814815 0.023479166666666666 0.11155555555555556
0 0.9924427083333334 0.4585092592592593 0.015114583333333332 0.12005555555555555
0 0.5995755208333334 0.540537037037037 0.022401041666666666 0.118
0 0.7262500000000001 0.8390787037037037 0.025458333333333336 0.15347222222222223
0 0.21981510416666664 0.4317546296296296 0.026463541666666666 0.1038425925925926
