0 0.35681250000000003 0.6186481481481483 0.028874999999999998 0.12744444444444444
0 0.375859375 0.46067592592592593 0.01932291666666667 0.10461111111111111
0 0.30423958333333334 0.40526851851851853 0.020625 0.10166666666666667
0 0.0120625 0.42700925925925926 0.02140625 0.10925925925925926
0 0.5464765625 0.8080925925925926 0.03734895833333333 0.15327777777777776
0 0.1618125 0.3051666666666667 0.021354166666666667 0.09833333333333334
0 0.7941354166666666 0.7932685185185185 0.035843749999999994 0.1424814814814815
0 0.8406067708333332 0.426837962962963 0.017026041666666665 0.11760185185185186
0 0.7387708333333333 0.3978703703703704 0.0243125 0.11055555555555556
0 0.19866666666666666 0.7323472222222221 0.03726041666666667 0.13343518518518518
0 0.458984375 0.5051203703703704 0.022916666666666665 0.115
0 0.683078125 0.2704259259259259 0.0195 0.0932037037037037
0 0.24031249999999998 0.2826759259259259 0.020583333333333335 0.08177777777777777
0 0.8563697916666667 0.5530277777777778 0.021500000000000002 0.1311111111111111
0 0.13558854166666665 0.502537037037037 0.031260416666666666 0.12435185185185187
