0 0.6832083333333333 0.3864444444444445 0.020677083333333336 0.09722222222222222
0 0.626484375 0.27037037037037037 0.0265625 0.09
0 0.7950989583333334 0.565324074074074 0.01864583333333333 0.13192592592592592
0 0.23233854166666665 0.42674999999999996 0.019874999999999997 0.10411111111111111
0 0.4212890625 0.5004953703703704 0.024526041666666668 0.11341666666666667
0 0.3018203125 0.46407870370370374 0.017098958333333334 0.10319444444444445
0 0.15330208333333334 0.2994907407407407 0.022187500000000002 0.08833333333333333
0 0.7927135416666666 0.43033333333333335 0.02375 0.11722222222222221
0 0.10307291666666667 0.29462499999999997 0.02175 0.09706481481481481
0 0.46232291666666664 0.8190462962962962 0.030500000000000003 0.15288888888888888
0 0.08459635416666665 0.7585416666666666 0.032401041666666665 0.13900925925925925
0 0.05671614583333333 0.5147824074074074 0.03522395833333333 0.1280277777777778
0 0.7170286458333333 0.8439305555555556 0.034015625 0.15439814814814815
0 0.29308593749999995 0.6050879629629629 0.025171875 0.12858333333333333
