0 0.30453906249999996 0.6051481481481482 0.028286458333333334 0.12655555555555556
0 0.435328125 0.5068888888888888 0.019 0.11511111111111111
0 0.6806458333333334 0.35682407407407407 0.02778125 0.09416666666666666
0 0.14793489583333336 0.3080509259259259 0.018078125 0.0918611111111111
0 0.6171640625000001 0.27456018518518516 0.03366145833333333 0.08430555555555555
0 0.11774479166666668 0.29337500000000005 0.02296875 0.09639814814814815
0 0.701046875 0.8686851851851851 0.0270625 0.16722222222222222
0 0.0504375 0.5242129629629629 0.028625 0.13033333333333333
0 0.05356770833333333 0.7794490740740742 0.05427083333333334 0.13815740740740742
0 0.8039166666666666 0.5758888888888889 0.0219375 0.13011111111111112
0 0.45665104166666665 0.8357685185185185 0.03135416666666667 0.15703703703703703
0 0.30630208333333336 0.4664351851851852 0.0168125 0.10522222222222222
0 0.8125 0.436537037037037 0.020520833333333332 0.11703703703703704
0 0.23192708333333334 0.43728703703703703 0.015104166666666667 0.11342592592592593
