0 0.3779166666666666 0.46870370370370373 0.027395833333333335 0.10111111111111111
0 0.27971874999999996 0.4576111111111111 0.0220625 0.11344444444444444
0 0.6902083333333333 0.32916666666666666 0.033854166666666664 0.09074074074074075
0 0.20335937499999998 0.29703703703703704 0.022447916666666668 0.08611111111111111
0 0.8822395833333333 0.444212962962963 0.03239583333333333 0.11712962962962963
0 0.4815364583333333 0.8527777777777777 0.037031249999999995 0.15351851851851853
0 0.19731770833333334 0.3163888888888889 0.014322916666666666 0.08962962962962963
0 0.3665364583333333 0.6055555555555555 0.02328125 0.12
0 0.02445572916666667 0.7902777777777777 0.042078125 0.13225925925925927
0 0.4950364583333334 0.5127916666666668 0.030052083333333333 0.11169444444444444
0 0.11015625 0.5287962962962963 0.024270833333333335 0.1288888888888889
0 0.8359895833333333 0.5899074074074073 0.0421875 0.12185185185185185
0 0.7192187499999999 0.9158796296296297 0.04145833333333333 0.16620370370370371
0 0.6320052083333334 0.2727777777777778 0.02390625 0.08555555555555557
