0 0.318046875 0.48435185185185187 0.038385416666666665 0.10555555555555556
0 0.843046875 0.5975462962962963 0.04223958333333333 0.1300925925925926
0 0.71421875 0.9240601851851852 0.0554375 0.15187962962962964
0 0.678125 0.3130555555555556 0.03354166666666667 0.08518518518518518
0 0.4268177083333333 0.6141296296296296 0.036656249999999994 0.11618518518518518
0 0.011614583333333334 0.41893518518518524 0.02322916666666667 0.10157407407407408
0 0.2974479166666667 0.3058796296296296 0.020729166666666667 0.09472222222222222
0 0.5597421874999999 0.5221111111111111 0.026244791666666666 0.11366666666666667
0 0.25091145833333334 0.3228703703703704 0.024010416666666666 0.08722222222222223
0 0.006796875 0.49165740740740743 0.01359375 0.018907407407407407
0 0.16322916666666665 0.5406018518518518 0.022291666666666664 0.12935185185185183
0 0.470703125 0.867962962962963 0.053385416666666664 0.15037037037037038
0 0.9595052083333333 0.4532407407407407 0.02255208333333333 0.11462962962962962
0 0.4475 0.4689351851851852 0.017812500000000002 0.10101851851851851
0 0.6512499999999999 0.28694444444444445 0.029479166666666667 0.07203703703703704
