0 0.795390625 0.5700000000000001 0.01953125 0.13277777777777777
0 0.6217708333333333 0.27171296296296293 0.0265625 0.08935185185185185
0 0.14513020833333332 0.3062962962962963 0.01796875 0.09185185185185185
0 0.050130208333333336 0.5219907407407407 0.029427083333333333 0.1289814814814815
0 0.2288125 0.43583333333333335 0.01925 0.1058888888888889
0 0.2944791666666667 0.6045833333333334 0.021770833333333333 0.12861111111111112
0 0.7984270833333333 0.4351111111111111 0.01796875 0.11888888888888889
0 0.10502604166666667 0.2949537037037037 0.01671875 0.09694444444444444
0 0.455859375 0.8275462962962963 0.030677083333333334 0.15453703703703706
0 0.4234635416666667 0.5025925925925926 0.02390625 0.11685185185185186
0 0.06606770833333334 0.7741203703703703 0.04317708333333334 0.14472222222222222
0 0.6807864583333334 0.3782037037037037 0.033 0.09411111111111112
0 0.29909375 0.46655555555555556 0.0260625 0.10266666666666666
0 0.7070000000000001 0.8531898148148147 0.030625 0.16563888888888886
