0 0.09230729166666667 0.9421481481481482 0.04821875 0.1157037037037037
0 0.3673177083333333 0.3820833333333334 0.039427083333333335 0.07601851851851851
0 0.511796875 0.27597222222222223 0.02713541666666667 0.056018518518518516
0 0.8252135416666667 0.7183101851851853 0.028874999999999998 0.12719444444444444
0 0.024125 0.3956111111111111 0.037875 0.09633333333333334
0 0.3173125 0.39144444444444443 0.029375 0.07222222222222222
0 0.016325520833333333 0.7069768518518518 0.032651041666666665 0.12319444444444445
0 0.45385416666666667 0.6326851851851851 0.034479166666666665 0.10796296296296296
0 0.82171875 0.3975 0.025416666666666664 0.09962962962962962
0 0.47250000000000003 0.2861574074074074 0.030833333333333334 0.06620370370370371
