0 0.32406250000000003 0.3527314814814815 0.021354166666666667 0.059166666666666666
0 0.3212760416666667 0.4097222222222222 0.03411458333333333 0.10388888888888889
0 0.31583333333333335 0.4255740740740741 0.0038541666666666668 0.020333333333333335
0 0.45290624999999995 0.2861111111111111 0.005916666666666666 0.023148148148148147
0 0.3162760416666667 0.39935185185185185 0.004427083333333333 0.013518518518518518
0 0.44419270833333335 0.2787962962962963 0.02484375 0.09907407407407408
0 0.5056875000000001 0.36866666666666664 0.034874999999999996 0.09377777777777778
0 0.7423697916666667 0.3857407407407408 0.02546875 0.10462962962962963
0 0.45157291666666666 0.25233796296296296 0.010541666666666666 0.017638888888888888
0 0.5370052083333333 0.5090277777777777 0.05921875 0.12046296296296295
0 0.4376302083333333 0.27462962962962967 0.011510416666666667 0.05925925925925926
0 0.3285416666666666 0.53 0.02645833333333333 0.12074074074074075
0 0.3079166666666666 0.39328703703703705 0.007604166666666666 0.013425925925925926
0 0.22717447916666667 0.7511527777777778 0.054703125 0.1363425925925926
