0 0.6069531250000001 0.5417129629629629 0.02203125 0.11694444444444445
0 0.413359375 0.2925 0.015677083333333335 0.08499999999999999
0 0.7356614583333333 0.8403796296296296 0.027375 0.15453703703703706
0 0.9699557291666667 0.7994861111111111 0.031588541666666664 0.14784259259259258
0 0.9010390625000001 0.44077777777777777 0.022723958333333336 0.11612962962962962
0 0.4147369791666667 0.7412453703703703 0.033671875000000004 0.13360185185185183
0 0.844921875 0.29458333333333336 0.01421875 0.09824074074074074
0 0.33729166666666666 0.3388888888888889 0.019479166666666665 0.09907407407407408
0 0.453828125 0.4101388888888889 0.02359375 0.10175925925925926
0 0.5216875 0.6597777777777778 0.024520833333333332 0.1290740740740741
0 0.543828125 0.4801851851851852 0.01921875 0.10574074074074075
0 0.28109375 0.5181944444444444 0.026354166666666668 0.12212962962962963
0 0.182640625 0.4093935185185185 0.019083333333333334 0.10615740740740741
0 0.9962239583333333 0.46205555555555555 0.007552083333333333 0.11912962962962963
0 0.23020833333333332 0.43171296296296297 0.02822916666666667 0.10490740740740741
