0 0.5088203124999999 0.43250925925925926 0.022536458333333335 0.11027777777777777
0 0.6902239583333334 0.14264814814814816 0.019583333333333335 0.06805555555555555
0 0.3385052083333333 0.09938888888888889 0.019010416666666665 0.06761111111111111
0 0.849734375 0.6389444444444444 0.024583333333333336 0.13018518518518518
0 0.7570208333333334 0.5676296296296296 0.025916666666666664 0.11344444444444444
0 0.5622578125 0.9803518518518518 0.02569270833333333 0.039296296296296294
0 0.12230208333333333 0.5692222222222222 0.02390625 0.12416666666666666
0 0.9944687499999999 0.2213564814814815 0.0110625 0.07628703703703704
0 0.3974947916666666 0.254912037037037 0.018885416666666665 0.08378703703703703
0 0.4384088541666667 0.404125 0.025046875000000003 0.09115740740740741
0 0.771359375 0.32168518518518513 0.032656250000000005 0.0812962962962963
