0 0.987078125 0.43036111111111114 0.02584375 0.09133333333333334
0 0.4179375 0.4393611111111111 0.03328125 0.10972222222222222
0 0.8122968749999999 0.629675925925926 0.021635416666666667 0.12566666666666668
0 0.09917708333333333 0.6215185185185186 0.019791666666666666 0.13555555555555557
0 0.6760677083333334 0.1647962962962963 0.01864583333333333 0.07111111111111111
0 0.4692447916666666 0.4315462962962963 0.0228125 0.10111111111111111
0 0.4107473958333333 0.27702777777777776 0.024307291666666668 0.08053703703703705
0 0.6885989583333334 0.32972222222222225 0.02703125 0.0787962962962963
0 0.3181015625 0.1267777777777778 0.010994791666666667 0.07277777777777777
0 0.747421875 0.5484074074074073 0.024010416666666666 0.10831481481481482
0 0.951421875 0.23600925925925925 0.022114583333333333 0.08
