0 0.9688020833333333 0.3084814814814815 0.030520833333333334 0.08712962962962963
0 0.4890442708333333 0.31906481481481486 0.026348958333333335 0.0774074074074074
0 0.8937421874999999 0.4228518518518518 0.024942708333333334 0.09564814814814815
0 0.30863541666666666 0.15278703703703703 0.018229166666666668 0.0799074074074074
0 0.39578645833333337 0.4245 0.02365625 0.10246296296296296
0 0.40029166666666666 0.29068518518518516 0.030791666666666665 0.08925925925925926
0 0.8451093749999999 0.2382037037037037 0.02421875 0.08342592592592592
0 0.6317135416666667 0.18512962962962962 0.024479166666666666 0.07407407407407407
0 0.7021979166666666 0.4926990740740741 0.023979166666666666 0.11200925925925925
0 0.44572395833333334 0.4795555555555556 0.028697916666666667 0.11805555555555555
0 0.07999479166666666 0.683537037037037 0.03660416666666667 0.14788888888888888
0 0.7604010416666667 0.6125370370370371 0.02411458333333333 0.11916666666666666
