0 0.667109375 0.47165740740740747 0.02375 0.11407407407407408
0 0.8957760416666667 0.29515740740740737 0.04604166666666667 0.08314814814814815
0 0.5982187499999999 0.19716666666666666 0.026093750000000002 0.0799074074074074
0 0.4679114583333333 0.2916018518518518 0.029739583333333333 0.08777777777777777
0 0.4704921875 0.4850231481481482 0.023401041666666667 0.1258425925925926
0 0.36109895833333333 0.4220509259259259 0.02402083333333333 0.10945370370370369
0 0.31083854166666663 0.17044444444444443 0.011979166666666667 0.08305555555555556
0 0.39258333333333334 0.27621296296296294 0.041093750000000005 0.08888888888888889
0 0.8613932291666667 0.30121296296296296 0.03241145833333333 0.08305555555555556
0 0.7081458333333334 0.6212407407407406 0.034895833333333334 0.12851851851851853
0 0.8645885416666667 0.4031111111111111 0.0240625 0.10166666666666667
0 0.05996354166666666 0.7081759259259258 0.045656249999999995 0.15074074074074076
0 0.7568489583333334 0.23799074074074072 0.0165625 0.07759259259259259
