0 0.648203125 0.6411203703703704 0.03697916666666667 0.12546296296296297
0 0.013052083333333332 0.7035277777777779 0.026104166666666664 0.1438888888888889
0 0.3228411458333333 0.42173148148148143 0.023494791666666667 0.11324074074074074
0 0.9909140624999999 0.42230555555555555 0.018171875 0.10416666666666667
0 0.8604010416666665 0.39802777777777776 0.02432291666666667 0.0938888888888889
0 0.7030416666666668 0.2689398148148148 0.020989583333333332 0.08084259259259259
0 0.4822421875 0.48967592592592596 0.025630208333333335 0.12074074074074075
0 0.4438385416666667 0.27293518518518517 0.02234375 0.0737037037037037
0 0.5803072916666667 0.22100462962962963 0.025427083333333333 0.07919444444444444
0 0.8006145833333334 0.3034537037037037 0.03619791666666667 0.07787037037037037
0 0.7578880208333333 0.3047638888888889 0.01768229166666667 0.08152777777777777
0 0.6490520833333334 0.463574074074074 0.025416666666666664 0.10131481481481482
0 0.4034583333333333 0.2678425925925926 0.02328125 0.09046296296296297
0 0.2898854166666666 0.19001388888888887 0.019552083333333335 0.08643518518518518
