0 0.6028541666666667 0.30265740740740743 0.022447916666666668 0.09768518518518518
0 0.14515625 0.6378425925925926 0.029791666666666668 0.13231481481481483
0 0.9859453125 0.49803703703703706 0.028109375 0.12638888888888888
0 0.9259687500000001 0.7944351851851852 0.03145833333333333 0.1597222222222222
0 0.10735937499999999 0.3548888888888889 0.03442708333333333 0.09962962962962962
0 0.5968489583333334 0.5427870370370371 0.021822916666666668 0.11824074074074074
0 0.525734375 0.2495648148148148 0.034166666666666665 0.0824074074074074
0 0.03783854166666667 0.8634861111111111 0.036875 0.16462037037037036
0 0.24624479166666668 0.2796944444444444 0.017239583333333332 0.08499999999999999
0 0.41925520833333335 0.3529722222222222 0.02694791666666667 0.09259259259259259
