0 0.8899739583333334 0.5542314814814815 0.02333333333333333 0.12731481481481483
0 0.2794739583333333 0.2849074074074074 0.0184375 0.08268518518518518
0 0.7157552083333333 0.27416203703703707 0.013489583333333333 0.09532407407407407
0 0.8308125 0.7892962962962964 0.032135416666666666 0.14212962962962963
0 0.2511067708333333 0.7292314814814815 0.028463541666666665 0.13166666666666665
0 0.4872916666666667 0.5115277777777777 0.025260416666666667 0.11398148148148148
0 0.16838020833333334 0.5022685185185186 0.022395833333333334 0.12685185185185185
0 0.06122395833333334 0.42510185185185184 0.022239583333333333 0.10703703703703703
0 0.203578125 0.3121481481481482 0.019864583333333335 0.09833333333333334
0 0.8729947916666667 0.43012962962962964 0.02364583333333333 0.11824074074074074
0 0.410828125 0.4616759259259259 0.019947916666666666 0.10166666666666667
0 0.7724166666666666 0.4071018518518519 0.021718750000000002 0.11027777777777777
0 0.34038541666666666 0.3983425925925926 0.021927083333333333 0.11
0 0.3910625 0.628 0.025052083333333332 0.12925925925925924
0 0.5850468750000001 0.8127037037037036 0.028802083333333332 0.1537962962962963
0 0.021606770833333334 0.398 0.020473958333333334 0.1061111111111111
