0 0.5947031250000001 0.29014814814814816 0.017916666666666668 0.09351851851851851
0 0.06832291666666666 0.3806574074074074 0.03635416666666667 0.0961111111111111
0 0.4492864583333333 0.35821296296296296 0.017916666666666668 0.09333333333333334
0 0.16880468750000002 0.6430555555555556 0.028130208333333333 0.13194444444444445
0 0.5229427083333333 0.2531666666666667 0.028958333333333332 0.07648148148148147
0 0.0130546875 0.42381481481481487 0.026109375 0.1075
0 0.9068020833333333 0.8012314814814815 0.04973958333333333 0.16018518518518518
0 0.5983697916666667 0.5406666666666667 0.029406250000000002 0.11564814814814815
0 0.965625 0.5016666666666667 0.0309375 0.1262962962962963
0 0.06372395833333333 0.8422962962962962 0.03791666666666667 0.16027777777777777
0 0.31910937500000003 0.2815740740740741 0.024947916666666667 0.06870370370370371
