0 0.43815624999999997 0.4681018518518519 0.015000000000000001 0.10185185185185185
0 0.5484270833333333 0.5191851851851852 0.023697916666666666 0.11425925925925927
0 0.7079062500000001 0.9272916666666667 0.05013541666666667 0.14541666666666667
0 0.006317708333333334 0.41897222222222225 0.012635416666666668 0.10481481481481482
0 0.6408072916666666 0.28613888888888894 0.03135416666666667 0.07472222222222223
0 0.9528333333333333 0.45231481481481484 0.024739583333333332 0.11629629629629629
0 0.006885416666666666 0.4926851851851852 0.0135625 0.024888888888888887
0 0.23949479166666665 0.3206666666666667 0.01942708333333333 0.09
0 0.28548958333333335 0.30506944444444445 0.01971875 0.0925462962962963
0 0.6712812499999999 0.31405555555555553 0.03109375 0.08824074074074074
0 0.0035182291666666665 0.8071064814814815 0.007036458333333333 0.023472222222222224
0 0.46866406250000003 0.8665648148148148 0.04618229166666667 0.15138888888888888
0 0.30844791666666665 0.4822314814814814 0.03432291666666667 0.10851851851851853
0 0.15689583333333335 0.5426296296296297 0.03494791666666666 0.1262962962962963
0 0.8375520833333333 0.595 0.0484375 0.13092592592592592
0 0.41759375 0.612175925925926 0.0384375 0.11907407407407407
