0 0.9662499999999999 0.4436666666666667 0.036041666666666666 0.08898148148148148
0 0.24435937500000002 0.6289120370370369 0.03078125 0.1100462962962963
0 0.9384010416666667 0.49473611111111115 0.026406250000000003 0.09100925925925926
0 0.8756145833333334 0.5223148148148148 0.03692708333333334 0.10166666666666667
0 0.34955729166666666 0.4218703703703704 0.042499999999999996 0.08722222222222223
0 0.9263229166666668 0.5602407407407408 0.034270833333333334 0.10962962962962963
0 0.4545052083333333 0.2813425925925926 0.030625 0.07361111111111111
0 0.600953125 0.3555277777777778 0.02354166666666667 0.08361111111111111
0 0.4425416666666667 0.3656018518518519 0.019114583333333334 0.08249999999999999
0 0.265296875 0.5254351851851852 0.032552083333333336 0.11351851851851852
0 0.7649947916666666 0.6721018518518519 0.03494791666666666 0.1125
0 0.2813385416666667 0.4658657407407407 0.028489583333333336 0.09271296296296296
