0 0.6782604166666667 0.3590925925925926 0.018958333333333334 0.08666666666666666
0 0.449421875 0.33181481481481484 0.04265625 0.08398148148148149
0 0.2433828125 0.2360277777777778 0.027036458333333332 0.08092592592592593
0 0.23257291666666668 0.31472685185185184 0.03723958333333333 0.07887962962962963
0 0.6665989583333334 0.5148981481481482 0.028854166666666667 0.1274074074074074
0 0.095234375 0.3698148148148148 0.02984375 0.10074074074074074
0 0.7059479166666666 0.35535185185185186 0.032125 0.08296296296296296
0 0.32769270833333336 0.31820833333333337 0.02364583333333333 0.08549074074074074
0 0.6407083333333332 0.47303703703703703 0.026145833333333333 0.11037037037037037
0 0.43870312499999997 0.6406018518518519 0.04479166666666667 0.12314814814814815
