0 0.9515208333333334 0.6294907407407407 0.028645833333333332 0.1261111111111111
0 0.976046875 0.9439351851851852 0.03376041666666666 0.11212962962962962
0 0.48739062499999997 0.32522222222222225 0.02802083333333333 0.09046296296296297
0 0.340234375 0.3339814814814815 0.022291666666666664 0.0824074074074074
0 0.15313541666666666 0.3272314814814815 0.024166666666666666 0.09962962962962962
0 0.6184322916666667 0.354962962962963 0.004166666666666667 0.010666666666666666
0 0.5894895833333333 0.4966944444444444 0.030208333333333334 0.12101851851851851
0 0.5946145833333333 0.4869351851851852 0.0019166666666666668 0.036314814814814814
0 0.62440625 0.32916666666666666 0.0199375 0.08518518518518518
0 0.9956484375 0.859425925925926 0.008703125 0.13144444444444445
0 0.6143984375 0.3423703703703704 0.019432291666666667 0.08455555555555555
0 0.5914114583333333 0.42970370370370375 0.021572916666666667 0.06037037037037037
0 0.22703645833333333 0.23796296296296296 0.027093750000000003 0.08814814814814816
0 0.3026666666666667 0.6430925925925925 0.0296875 0.12037037037037036
0 0.110265625 0.36629629629629634 0.029531250000000002 0.10277777777777777
