0 0.9563072916666666 0.6370370370370371 0.03729166666666666 0.13472222222222222
0 0.6081510416666666 0.2958425925925926 0.021666666666666667 0.0799074074074074
0 0.09494791666666666 0.3788518518518519 0.029895833333333333 0.10574074074074075
0 0.36464583333333334 0.3393611111111111 0.029479166666666667 0.08990740740740741
0 0.10260416666666666 0.3835185185185185 0.0028125000000000003 0.00962962962962963
0 0.5403854166666666 0.5053796296296296 0.03036458333333333 0.12694444444444444
0 0.21134895833333334 0.24213888888888888 0.030052083333333333 0.09296296296296297
0 0.5766302083333332 0.31446296296296294 0.028958333333333332 0.09046296296296297
0 0.5932760416666667 0.453574074074074 0.025416666666666664 0.11416666666666667
0 0.9779479166666667 0.30850462962962966 0.034270833333333334 0.09332407407407407
0 0.5528385416666667 0.3466898148148148 0.027302083333333334 0.10473148148148148
0 0.9856536458333334 0.9586851851851851 0.028692708333333334 0.08262962962962962
0 0.19323958333333335 0.6694074074074075 0.047447916666666666 0.13333333333333333
0 0.10844270833333332 0.35636111111111113 0.01990625 0.10953703703703703
