0 0.41911979166666663 0.35061111111111115 0.02645833333333333 0.09348148148148147
0 0.12398958333333333 0.3923703703703704 0.034166666666666665 0.10944444444444444
0 0.23534895833333333 0.25344444444444447 0.022916666666666665 0.09462962962962963
0 0.1095625 0.3748888888888889 0.0240625 0.11033333333333332
0 0.6205989583333333 0.4610972222222222 0.029270833333333336 0.10804629629629629
0 0.9849010416666667 0.6501944444444444 0.025625000000000002 0.1350185185185185
0 0.637203125 0.36365277777777777 0.026510416666666665 0.10434259259259258
0 0.6141614583333334 0.2952916666666667 0.025510416666666664 0.08328703703703703
0 0.5991041666666668 0.3172037037037037 0.03401041666666667 0.055092592592592596
0 0.12078645833333333 0.4181574074074074 0.00765625 0.029722222222222223
0 0.5439843750000001 0.5131018518518519 0.03109375 0.12250000000000001
0 0.9836145833333333 0.3270185185185185 0.021666666666666667 0.09240740740740741
0 0.18328124999999998 0.6843055555555556 0.03197916666666666 0.1376851851851852
0 0.12560416666666668 0.34922222222222227 0.0018750000000000001 0.007407407407407408
