0 0.6717968750000001 0.36246296296296293 0.021770833333333333 0.10583333333333333
0 0.6171770833333333 0.32366666666666666 0.02578125 0.03601851851851852
0 0.234265625 0.2567037037037037 0.03417708333333334 0.09062962962962963
0 0.6253385416666667 0.31203703703703706 0.006197916666666667 0.005740740740740741
0 0.9742812500000001 0.3237962962962963 0.023072916666666665 0.0962962962962963
0 0.1609375 0.6819212962962963 0.03723958333333333 0.13637962962962963
0 0.10510416666666668 0.3721759259259259 0.026041666666666668 0.12138888888888888
0 0.98765625 0.6467592592592593 0.024687499999999998 0.13870370370370372
0 0.13138020833333333 0.3903240740740741 0.029531250000000002 0.1126851851851852
0 0.6098177083333333 0.3043055555555556 0.04119791666666666 0.06361111111111112
0 0.5293802083333333 0.506287037037037 0.03140625 0.12342592592592594
0 0.44025000000000003 0.33892592592592596 0.024947916666666667 0.09685185185185184
0 0.6170677083333334 0.45719444444444446 0.0278125 0.11166666666666666
