0 0.6889843750000001 0.3567592592592593 0.03484375 0.11148148148148149
0 0.9591640625 0.3179166666666666 0.029630208333333335 0.09657407407407408
0 0.19843229166666668 0.2488796296296296 0.030208333333333334 0.09362962962962963
0 0.49562500000000004 0.49997222222222226 0.028072916666666666 0.13231481481481483
0 0.053182291666666666 0.3739722222222222 0.021145833333333332 0.12342592592592594
0 0.43293229166666664 0.3239768518518519 0.02375 0.10147222222222223
0 0.9858125 0.6517546296296296 0.028374999999999997 0.1365462962962963
0 0.5997135416666666 0.30550925925925926 0.032656250000000005 0.0412037037037037
0 0.6367916666666668 0.29421296296296295 0.02625 0.07120370370370371
0 0.10006770833333332 0.3874722222222223 0.03770833333333334 0.11407407407407408
0 0.59275 0.4539722222222222 0.04067708333333333 0.1175925925925926
0 0.09954687499999999 0.7000462962962962 0.04234375 0.14101851851851852
