0 0.13966145833333332 0.2924074074074074 0.021822916666666668 0.0938888888888889
0 0.0396875 0.7838888888888889 0.0540625 0.13629629629629628
0 0.6130729166666667 0.2748611111111111 0.029895833333333333 0.08583333333333333
0 0.32594531250000003 0.467375 0.023942708333333333 0.1041574074074074
0 0.70203125 0.8962037037037038 0.041562499999999995 0.16055555555555556
0 0.31881249999999994 0.6050000000000001 0.026625 0.12399999999999999
0 0.06919270833333332 0.5263888888888889 0.02984375 0.13055555555555556
0 0.8311458333333334 0.43800925925925926 0.033854166666666664 0.11546296296296296
0 0.45098958333333333 0.5075000000000001 0.029583333333333333 0.11074074074074074
0 0.6746614583333332 0.34328703703703706 0.026093750000000002 0.09731481481481481
0 0.15734375 0.31180555555555556 0.012604166666666666 0.09083333333333332
0 0.243515625 0.44634259259259257 0.025572916666666667 0.11231481481481481
0 0.813046875 0.5774537037037036 0.033177083333333336 0.12842592592592592
0 0.459921875 0.84125 0.031927083333333335 0.15638888888888888
