0 0.061299479166666664 0.3864166666666667 0.019890625 0.1252777777777778
0 0.45871875 0.5037777777777778 0.029812500000000002 0.1348888888888889
0 0.009817708333333335 0.3781018518518518 0.01963541666666667 0.12027777777777779
0 0.5823177083333333 0.2973148148148148 0.03307291666666667 0.04537037037037037
0 0.0455234375 0.7188194444444443 0.045932291666666666 0.15167592592592594
0 0.4115859375 0.3153796296296296 0.024223958333333333 0.10533333333333333
0 0.994765625 0.6495277777777778 0.01046875 0.07346296296296297
0 0.7003125000000001 0.3499537037037037 0.024687499999999998 0.11583333333333333
0 0.9442968749999999 0.31092592592592594 0.03369791666666667 0.1012962962962963
0 0.637890625 0.292962962962963 0.019947916666666666 0.08574074074074074
0 0.579125 0.4512222222222222 0.043000000000000003 0.12711111111111112
0 0.17182291666666666 0.2373148148148148 0.022604166666666665 0.10277777777777777
