0 0.8985755208333334 0.31139351851851854 0.030786458333333332 0.1129537037037037
0 0.00484375 0.39333333333333337 0.0096875 0.1308888888888889
0 0.6182291666666667 0.30115740740740743 0.02666666666666667 0.10990740740740741
0 0.6982369791666667 0.344375 0.025578125 0.12360185185185187
0 0.4006770833333333 0.5181944444444444 0.049479166666666664 0.14342592592592593
0 0.55453125 0.45546296296296296 0.0459375 0.13222222222222224
0 0.3624479166666667 0.3160648148148148 0.03145833333333333 0.10675925925925926
0 0.997921875 0.6990092592592592 0.00415625 0.04861111111111111
0 0.56390625 0.2972222222222222 0.029062499999999998 0.06240740740740741
0 0.131171875 0.23740740740740737 0.039739583333333335 0.11574074074074074
