0 0.5964583333333333 0.31287037037037035 0.03302083333333333 0.11425925925925927
0 0.33715625 0.31766666666666665 0.0179375 0.116
0 0.85621875 0.31277777777777777 0.0364375 0.11133333333333333
0 0.5397838541666666 0.45441666666666664 0.04968229166666667 0.13392592592592592
0 0.7009635416666667 0.3406018518518519 0.026197916666666664 0.12268518518518519
0 0.9943072916666668 0.6908333333333333 0.011385416666666667 0.15592592592592594
0 0.3630859375 0.5260185185185186 0.048296875 0.14587037037037037
0 0.12333333333333334 0.2314351851851852 0.0375 0.13324074074074074
0 0.9937942708333334 0.9526296296296296 0.012411458333333332 0.09474074074074074
0 0.541875 0.28944444444444445 0.0390625 0.08148148148148149
