0 0.57659375 0.3202777777777778 0.0299375 0.11566666666666667
0 0.12852604166666667 0.23552314814814815 0.0375 0.13300925925925927
0 0.9739427083333333 0.9488287037037039 0.037333333333333336 0.1023425925925926
0 0.346484375 0.5257870370370371 0.02265625 0.1499074074074074
0 0.537265625 0.4591203703703704 0.04984375 0.13305555555555554
0 0.32807291666666666 0.3274074074074074 0.03114583333333333 0.11407407407407408
0 0.7038802083333333 0.34111111111111114 0.02140625 0.1237037037037037
0 0.9894453125000001 0.6891111111111111 0.021109375 0.15159259259259258
0 0.8307447916666667 0.3136435185185185 0.03801041666666667 0.11360185185185186
0 0.51940625 0.28388888888888886 0.037562500000000006 0.09088888888888888
