0 0.7217708333333334 0.3286574074074074 0.025104166666666667 0.12175925925925926
0 0.15541666666666668 0.24078703703703705 0.035 0.12361111111111112
0 0.5482734375000001 0.332662037037037 0.027661458333333333 0.12112037037037038
0 0.9890885416666666 0.7022361111111112 0.021822916666666668 0.1286574074074074
0 0.9147057291666666 0.9367916666666667 0.037473958333333335 0.12641666666666668
0 0.4997916666666667 0.3062962962962963 0.04854166666666667 0.05981481481481481
0 0.2976041666666667 0.3301388888888889 0.028333333333333332 0.10787037037037037
0 0.5524010416666667 0.45144444444444437 0.03555208333333334 0.13374074074074074
0 0.32473958333333336 0.5278703703703704 0.0478125 0.14833333333333332
0 0.7936718749999999 0.3137037037037037 0.026406250000000003 0.11148148148148149
