0 0.7339583333333334 0.3249074074074074 0.021354166666666667 0.12277777777777778
0 0.890578125 0.93575 0.040135416666666666 0.1285
0 0.7845833333333334 0.314537037037037 0.025520833333333333 0.10796296296296296
0 0.9978697916666667 0.6882685185185184 0.004197916666666667 0.0295
0 0.3248125 0.5255555555555556 0.025500000000000002 0.14755555555555558
0 0.28216145833333334 0.3279166666666667 0.025052083333333332 0.10805555555555556
0 0.5594791666666665 0.44754629629629633 0.024583333333333336 0.1300925925925926
0 0.9970572916666668 0.7640370370370371 0.005885416666666667 0.008037037037037037
0 0.16703125 0.24569444444444447 0.04864583333333334 0.1149074074074074
0 0.5343489583333334 0.3357407407407408 0.032135416666666666 0.1201851851851852
0 0.5091927083333333 0.29736111111111113 0.031302083333333335 0.07787037037037037
