0 0.8546119791666665 0.9300231481481482 0.030973958333333333 0.13995370370370372
0 0.7478125 0.3183888888888889 0.027875 0.12455555555555556
0 0.5284114583333334 0.2622685185185185 0.02140625 0.06435185185185185
0 0.17934114583333333 0.24537962962962961 0.02852604166666667 0.10959259259259259
0 0.25359375 0.3260185185185185 0.024166666666666666 0.1137037037037037
0 0.9939114583333333 0.7394120370370371 0.012177083333333333 0.04350925925925926
0 0.3217161458333333 0.5263379629629629 0.03959895833333334 0.14943518518518517
0 0.7689947916666667 0.3126388888888889 0.01961458333333333 0.10990740740740741
0 0.52878125 0.3381666666666666 0.0243125 0.12433333333333334
0 0.9938020833333334 0.6612222222222223 0.012395833333333333 0.04885185185185185
0 0.5645572916666667 0.4482407407407408 0.03661458333333333 0.12925925925925924
