0 0.5118229166666667 0.34912037037037036 0.04052083333333333 0.11546296296296296
0 0.7430208333333332 0.3316203703703704 0.010729166666666668 0.06398148148148147
0 0.8195390625000001 0.9244907407407407 0.046661458333333336 0.15101851851851852
0 0.7497656250000001 0.3128240740740741 0.023072916666666665 0.12194444444444444
0 0.74984375 0.3383333333333333 0.0025 0.011481481481481481
0 0.5536197916666666 0.4468981481481481 0.021927083333333333 0.13046296296296298
0 0.31268229166666667 0.5263425925925926 0.03557291666666666 0.15231481481481482
0 0.16699999999999998 0.24138888888888888 0.03225 0.10966666666666666
0 0.7566145833333333 0.3478703703703704 0.004166666666666667 0.025
0 0.9883593749999999 0.6808333333333334 0.02328125 0.15944444444444444
0 0.5371875 0.2753240740740741 0.024687499999999998 0.11027777777777777
0 0.744140625 0.26745370370370375 0.00796875 0.021018518518518516
0 0.22080729166666666 0.32740740740740737 0.02890625 0.11092592592592593
0 0.8607265624999999 0.9928009259259261 0.015348958333333333 0.01439814814814815
