0 0.7392604166666666 0.3077777777777778 0.020625 0.12266666666666666
0 0.28946875 0.5270555555555556 0.025187499999999998 0.15233333333333335
0 0.7147916666666666 0.30699074074074073 0.01885416666666667 0.1100925925925926
0 0.8156796875 0.9876990740740742 0.014390624999999999 0.02460185185185185
0 0.18550000000000003 0.3275092592592592 0.022500000000000003 0.11946296296296298
0 0.13874999999999998 0.2386574074074074 0.036145833333333335 0.11324074074074074
0 0.48171875 0.3581666666666667 0.0393125 0.11544444444444445
0 0.53953125 0.27462962962962967 0.025833333333333333 0.10925925925925926
0 0.5369505208333333 0.4485092592592593 0.028203125 0.1307962962962963
0 0.7549348958333333 0.9169768518518517 0.044203125 0.1660462962962963
0 0.9642994791666666 0.6767777777777777 0.036598958333333334 0.1627962962962963
