0 0.535390625 0.27444444444444444 0.02390625 0.1087037037037037
0 0.509453125 0.45046296296296295 0.038593749999999996 0.12796296296296295
0 0.1581848958333333 0.33326388888888886 0.034380208333333336 0.1118425925925926
0 0.7711171875 0.980722222222222 0.025265625 0.03855555555555556
0 0.6886458333333333 0.908 0.04697916666666667 0.184
0 0.27046875 0.528800925925926 0.042083333333333334 0.14784259259259258
0 0.9177005208333333 0.6661342592592592 0.05459895833333333 0.16506481481481483
0 0.11924479166666666 0.2350925925925926 0.028489583333333336 0.11462962962962962
0 0.7256875 0.3040555555555556 0.024125 0.12033333333333333
0 0.99290625 0.4024675925925926 0.014187499999999999 0.11652777777777777
0 0.6784374999999999 0.3058333333333333 0.02425 0.10677777777777778
0 0.4808125 0.35694444444444445 0.02825 0.12655555555555556
