0 0.391421875 0.609162037037037 0.03651041666666666 0.12332407407407407
0 0.21532291666666667 0.31712962962962965 0.016 0.08655555555555557
0 0.9131536458333332 0.4467361111111111 0.021505208333333335 0.11826851851851852
0 0.40284375 0.4677777777777778 0.0301875 0.10088888888888889
0 0.7180598958333334 0.9233888888888889 0.04116145833333333 0.1532222222222222
0 0.13335156250000002 0.5311481481481481 0.03131770833333333 0.12751851851851853
0 0.2400625 0.30077777777777776 0.019125 0.09355555555555556
0 0.4766927083333333 0.8613842592592592 0.04526041666666667 0.14980555555555555
0 0.5186875 0.514388888888889 0.0325 0.11077777777777778
0 0.29927604166666666 0.47387037037037033 0.031229166666666665 0.11279629629629628
0 0.6774765625 0.3186666666666667 0.03434895833333333 0.09012962962962963
0 0.6424505208333334 0.27541666666666664 0.030296875 0.07583333333333334
0 0.8379739583333333 0.5905185185185186 0.04159375 0.12751851851851853
0 0.016036458333333333 0.7921018518518519 0.032072916666666666 0.12016666666666667
