0 0.8883072916666667 0.6608009259259259 0.039562499999999994 0.15517592592592594
0 0.9777994791666667 0.40305092592592595 0.027057291666666667 0.11789814814814814
0 0.11274999999999999 0.24083796296296298 0.0296875 0.10889814814814815
0 0.6489505208333333 0.8890694444444444 0.047578125 0.17928703703703702
0 0.492890625 0.4504675925925926 0.018375 0.12826851851851853
0 0.5275885416666667 0.2769305555555555 0.02392708333333333 0.10693518518518517
0 0.15521875 0.33272222222222225 0.0243125 0.11455555555555555
0 0.25465364583333333 0.5308472222222222 0.023130208333333332 0.1486388888888889
0 0.7361953125 0.9733564814814816 0.023473958333333333 0.053287037037037036
0 0.47721874999999997 0.3719351851851852 0.026927083333333334 0.1167962962962963
0 0.6560052083333333 0.3087685185185185 0.03515625 0.10583333333333333
0 0.7075182291666667 0.2992175925925926 0.024223958333333333 0.1160462962962963
