0 0.994796875 0.7123518518518519 0.01040625 0.031203703703703706
0 0.1648125 0.3362638888888889 0.020177083333333335 0.11039814814814815
0 0.6972447916666666 0.9606666666666667 0.024666666666666667 0.07866666666666666
0 0.6924010416666666 0.30259722222222224 0.02744791666666667 0.11239814814814815
0 0.9514140624999999 0.3995324074074074 0.021578125 0.11415740740740742
0 0.48098958333333336 0.4593055555555556 0.029375 0.12546296296296297
0 0.25672656250000003 0.5306064814814815 0.02538020833333333 0.1441574074074074
0 0.125 0.24721296296296297 0.025875 0.10733333333333334
0 0.48044791666666664 0.3716851851851852 0.0315625 0.10566666666666667
0 0.5216666666666667 0.2834722222222222 0.027083333333333334 0.1050925925925926
0 0.6260390625 0.3125833333333334 0.028348958333333334 0.10275925925925926
0 0.8493463541666666 0.6496712962962963 0.03894270833333333 0.15239814814814814
0 0.6016666666666667 0.8681249999999999 0.0509375 0.17856481481481482
