0 0.9630989583333334 0.6465277777777778 0.03828125 0.14731481481481482
0 0.17653645833333337 0.3394444444444445 0.032135416666666666 0.10833333333333334
0 0.6629583333333334 0.9538749999999999 0.052572916666666664 0.09225
0 0.6060416666666666 0.315 0.0375 0.09703703703703703
0 0.14009375000000002 0.2929351851851852 0.00734375 0.02512962962962963
0 0.6765104166666667 0.30263888888888885 0.025729166666666668 0.10731481481481482
0 0.24980208333333334 0.5285740740740741 0.028197916666666666 0.1413333333333333
0 0.5166145833333333 0.28629629629629627 0.028958333333333332 0.10518518518518517
0 0.471640625 0.4556944444444444 0.02203125 0.12490740740740741
0 0.46590624999999997 0.4130462962962963 0.004854166666666667 0.026851851851851852
0 0.12855729166666668 0.25003703703703706 0.020625 0.10388888888888889
0 0.47924479166666667 0.3766203703703704 0.028281249999999997 0.11064814814814815
0 0.5633333333333332 0.8520509259259258 0.035770833333333335 0.1716574074074074
0 0.9295572916666667 0.399537037037037 0.025572916666666667 0.11092592592592593
0 0.8206484374999999 0.647125 0.04627604166666666 0.14191666666666666
