0 0.5876614583333333 0.3172037037037037 0.038375000000000006 0.09444444444444444
0 0.18688281250000002 0.3428888888888889 0.032192708333333334 0.10540740740740741
0 0.5327864583333334 0.8387361111111111 0.027864583333333335 0.16169444444444445
0 0.25128125 0.5283194444444445 0.02840625 0.13650925925925927
0 0.5102395833333333 0.29062037037037036 0.024374999999999997 0.1007962962962963
0 0.4630885416666667 0.46614814814814814 0.025989583333333333 0.12070370370370372
0 0.6366562499999999 0.9439861111111111 0.026375 0.11202777777777777
0 0.13648437500000002 0.2551851851851852 0.026822916666666665 0.10685185185185185
0 0.9119036458333334 0.3945046296296296 0.019067708333333332 0.10743518518518519
0 0.6608802083333334 0.3020740740740741 0.02228125 0.10355555555555555
0 0.9159453125 0.6377962962962963 0.027776041666666664 0.1387962962962963
0 0.7980104166666666 0.6328657407407406 0.02273958333333333 0.14110185185185184
0 0.4755520833333334 0.376462962962963 0.026000000000000002 0.10977777777777778
