0 0.49515624999999996 0.8190416666666666 0.03296875 0.16349074074074074
0 0.5688515625 0.3090277777777778 0.03921354166666667 0.09685185185185184
0 0.14044270833333333 0.25074074074074076 0.025572916666666667 0.1037037037037037
0 0.6021067708333334 0.9360972222222222 0.021932291666666666 0.12780555555555556
0 0.6496432291666667 0.29600925925925925 0.025348958333333334 0.10355555555555555
0 0.24684895833333334 0.522287037037037 0.02265625 0.1391666666666667
0 0.8683125 0.6197037037037036 0.02565625 0.13775925925925925
0 0.7722526041666666 0.6189907407407408 0.029609375 0.1352962962962963
0 0.8971354166666666 0.38322685185185185 0.0198125 0.10708333333333334
0 0.5047239583333334 0.2894537037037037 0.01991666666666667 0.09544444444444444
0 0.4566067708333333 0.4624814814814815 0.024390625 0.12181481481481482
0 0.1910859375 0.33285648148148145 0.024265625000000002 0.1074537037037037
0 0.474109375 0.36969444444444444 0.024125 0.1087037037037037
