0 0.455140625 0.46415277777777775 0.02215625 0.12169444444444445
0 0.24641927083333334 0.5206435185185185 0.022140625 0.13760185185185186
0 0.7525 0.613574074074074 0.0309375 0.13633333333333333
0 0.6335833333333334 0.289787037037037 0.020364583333333335 0.10166666666666667
0 0.1895625 0.32622685185185185 0.020697916666666667 0.10147222222222223
0 0.1391640625 0.24734259259259259 0.025651041666666666 0.10375925925925926
0 0.47178125 0.3655555555555556 0.025812500000000002 0.10866666666666666
0 0.47240885416666667 0.8135370370370371 0.04686979166666667 0.16435185185185186
0 0.49252604166666664 0.28638888888888886 0.025885416666666668 0.09518518518518518
0 0.5508958333333334 0.3041203703703704 0.03630208333333333 0.09333333333333334
0 0.8862369791666665 0.3785092592592592 0.023130208333333332 0.1072037037037037
0 0.8468229166666668 0.6118379629629629 0.029062499999999998 0.1331203703703704
0 0.5760807291666666 0.9330555555555555 0.049505208333333335 0.1338888888888889
