0 0.4589244791666667 0.357912037037037 0.028651041666666665 0.10862037037037037
0 0.8689947916666667 0.36741203703703706 0.0196875 0.10343518518518519
0 0.7215859375 0.5985092592592592 0.02568229166666667 0.13474074074074074
0 0.5290625 0.2972222222222222 0.031125 0.094
0 0.23133854166666667 0.514800925925926 0.028572916666666667 0.13547222222222222
0 0.5362447916666666 0.9263287037037037 0.031447916666666666 0.14734259259259258
0 0.44343750000000004 0.46574074074074073 0.0325 0.12268518518518519
0 0.12829427083333333 0.2414583333333333 0.024932291666666665 0.10402777777777777
0 0.807328125 0.5971064814814815 0.02453125 0.13530555555555554
0 0.1847265625 0.31960185185185186 0.022588541666666666 0.10255555555555557
0 0.46825 0.2790416666666667 0.019125 0.09786111111111111
0 0.60834375 0.28594907407407405 0.03296875 0.09500925925925927
0 0.4309895833333333 0.7987685185185186 0.034656250000000006 0.1599074074074074
