0 0.44954947916666665 0.28031944444444445 0.022140625 0.0950462962962963
0 0.6980052083333333 0.5969351851851852 0.038781249999999996 0.1333888888888889
0 0.5927265625 0.2901666666666667 0.03343229166666666 0.09009259259259259
0 0.5148020833333333 0.9236898148148147 0.03777083333333333 0.15262037037037038
0 0.4109791666666667 0.7962453703703705 0.043604166666666666 0.16087962962962962
0 0.7774062500000001 0.5908472222222222 0.037656249999999995 0.13730555555555554
0 0.1752395833333333 0.31887037037037036 0.02 0.10214814814814814
0 0.21973437499999998 0.5149675925925925 0.03263541666666667 0.13552777777777777
0 0.44659895833333335 0.35632407407407407 0.029270833333333336 0.10881481481481481
0 0.8558854166666666 0.3650462962962963 0.02405208333333333 0.10279629629629629
0 0.5097161458333334 0.2933611111111111 0.024567708333333334 0.09968518518518518
0 0.4329166666666666 0.4664814814814815 0.026979166666666665 0.12185185185185185
0 0.4361536458333334 0.32423148148148145 0.005015625 0.0065370370370370365
0 0.11778385416666667 0.24003703703703705 0.02508854166666667 0.10401851851851852
