0 0.46184375 0.9185555555555557 0.053125 0.1628888888888889
0 0.10655208333333333 0.23697222222222222 0.02432291666666667 0.10357407407407407
0 0.65953125 0.5867129629629629 0.036458333333333336 0.13398148148148148
0 0.4149817708333333 0.2784814814814815 0.028276041666666665 0.09746296296296297
0 0.161859375 0.31161111111111106 0.02723958333333333 0.10546296296296297
0 0.1952604166666667 0.5100092592592592 0.020677083333333336 0.13805555555555554
0 0.5721432291666667 0.28005555555555556 0.018807291666666667 0.10212962962962963
0 0.42104166666666665 0.47259259259259256 0.024895833333333332 0.12333333333333332
0 0.3708958333333333 0.788212962962963 0.04119791666666666 0.1648148148148148
0 0.47931770833333337 0.29447685185185185 0.02484375 0.09375
0 0.44507812500000005 0.35881018518518515 0.039427083333333335 0.09960185185185184
0 0.7436614583333333 0.581037037037037 0.032552083333333336 0.1345925925925926
0 0.8294322916666667 0.3586296296296297 0.02453125 0.10250000000000001
