0 0.7127864583333333 0.5698657407407407 0.023947916666666666 0.13252777777777777
0 0.4090364583333333 0.4749074074074074 0.026614583333333334 0.1237037037037037
0 0.33487500000000003 0.7760092592592592 0.03109375 0.1602962962962963
0 0.45512499999999995 0.28935185185185186 0.026614583333333334 0.09009259259259259
0 0.5630520833333335 0.2763935185185185 0.0259375 0.10067592592592593
0 0.14163541666666665 0.3085185185185186 0.028072916666666666 0.10712962962962963
0 0.4625 0.3518981481481482 0.041666666666666664 0.10333333333333333
0 0.8048645833333333 0.3522314814814815 0.016666666666666666 0.10305555555555555
0 0.6314427083333334 0.5764537037037037 0.028541666666666667 0.1325925925925926
0 0.4158515625 0.9098703703703704 0.050953125 0.1688888888888889
0 0.17546874999999998 0.5067824074074074 0.0328125 0.13787962962962963
0 0.38783854166666665 0.2766342592592593 0.01875 0.0990462962962963
0 0.09567708333333334 0.23312037037037037 0.026979166666666665 0.10333333333333333
